0 65536
1 65363
2 65189
3 64842
4 64668
5 64321
6 64147
7 63800
8 63626
9 63452
10 63105
11 62931
12 62591
13 62425
14 62092
15 61926
16 61594
17 61427
18 61261
19 60929
20 60762
21 60430
22 60264
23 59938
24 59779
25 59460
26 59301
27 59142
28 58823
29 58664
30 58346
31 58186
32 57868
33 57709
34 57397
35 57244
36 57092
37 56787
38 56634
39 56329
40 56177
41 55872
42 55719
43 55567
44 55262
45 55109
46 54817
47 54671
48 54379
49 54233
50 53941
51 53795
52 53649
53 53357
54 53211
55 52919
56 52773
57 52494
58 52354
59 52074
60 51934
61 51794
62 51515
63 51375
64 51095
65 50955
66 50675
67 50535
68 50268
69 50134
70 50000
71 49732
72 49598
73 49331
74 49197
75 48929
76 48795
77 48661
78 48393
79 48265
80 48009
81 47880
82 47624
83 47496
84 47239
85 47111
86 46983
87 46726
88 46598
89 46341
90 46219
91 45973
92 45850
93 45605
94 45482
95 45359
96 45113
97 44991
98 44745
99 44622
100 44376
101 44259
102 44024
103 43906
104 43789
105 43554
106 43436
107 43201
108 43083
109 42848
110 42731
111 42613
112 42383
113 42270
114 42045
115 41932
116 41707
117 41594
118 41369
119 41257
120 41144
121 40919
122 40806
123 40586
124 40478
125 40262
126 40154
127 39939
128 39831
129 39723
130 39508
131 39400
132 39184
133 39076
134 38865
135 38762
136 38555
137 38452
138 38349
139 38142
140 38039
141 37833
142 37729
143 37523
144 37420
145 37218
146 37119
147 37020
148 36822
149 36723
150 36525
151 36427
152 36229
153 36130
154 36031
155 35833
156 35734
157 35545
158 35450
159 35261
160 35166
161 34977
162 34882
163 34788
164 34598
165 34504
166 34314
167 34219
168 34038
169 33947
170 33766
171 33675
172 33585
173 33403
174 33313
175 33131
176 33041
177 32859
178 32768
179 32594
180 32507
181 32421
182 32247
183 32160
184 31986
185 31900
186 31726
187 31639
188 31552
189 31378
190 31295
191 31129
192 31046
193 30880
194 30797
195 30630
196 30547
197 30464
198 30298
199 30215
200 30048
201 29969
202 29810
203 29730
204 29571
205 29491
206 29411
207 29252
208 29173
209 29013
210 28934
211 28774
212 28698
213 28546
214 28469
215 28393
216 28241
217 28164
218 28012
219 27936
220 27783
221 27707
222 27631
223 27481
224 27408
225 27262
226 27189
227 27043
228 26970
229 26824
230 26751
231 26678
232 26532
233 26459
234 26317
235 26247
236 26107
237 26037
238 25897
239 25827
240 25757
241 25617
242 25547
243 25407
244 25337
245 25201
246 25134
247 25000
248 24933
249 24866
250 24732
251 24665
252 24531
253 24464
254 24330
255 24263
256 24132
257 24068
258 24004
259 23876
260 23812
261 23683
262 23619
263 23491
264 23427
265 23363
266 23235
267 23170
268 23048
269 22986
270 22863
271 22802
272 22679
273 22618
274 22556
275 22434
276 22372
277 22249
278 22188
279 22070
280 22012
281 21894
282 21835
283 21777
284 21659
285 21600
286 21483
287 21424
288 21306
289 21247
290 21135
291 21079
292 21022
293 20910
294 20853
295 20741
296 20684
297 20572
298 20515
299 20459
300 20346
301 20293
302 20185
303 20131
304 20023
305 19969
306 19861
307 19807
308 19754
309 19646
310 19592
311 19484
312 19432
313 19329
314 19277
315 19174
316 19123
317 19071
318 18968
319 18916
320 18813
321 18761
322 18658
323 18609
324 18510
325 18460
326 18411
327 18312
328 18262
329 18164
330 18114
331 18015
332 17966
333 17916
334 17820
335 17772
336 17678
337 17630
338 17536
339 17488
340 17394
341 17346
342 17299
343 17204
344 17157
345 17064
346 17019
347 16928
348 16883
349 16792
350 16747
351 16701
352 16611
353 16565
354 16475
355 16429
356 16340
357 16297
358 16210
359 16167
360 16123
361 16036
362 15993
363 15906
364 15863
365 15776
366 15732
367 15689
368 15606
369 15564
370 15481
371 15440
372 15356
373 15315
374 15232
375 15190
376 15149
377 15066
378 15024
379 14944
380 14905
381 14825
382 14785
383 14705
384 14666
385 14626
386 14546
387 14506
388 14427
389 14387
390 14311
391 14273
392 14196
393 14158
394 14120
395 14044
396 14006
397 13929
398 13891
399 13815
400 13777
401 13704
402 13667
403 13631
404 13558
405 13521
406 13448
407 13412
408 13339
409 13302
410 13266
411 13193
412 13158
413 13088
414 13053
415 12983
416 12948
417 12878
418 12843
419 12808
420 12738
421 12703
422 12633
423 12600
424 12533
425 12500
426 12433
427 12399
428 12366
429 12299
430 12265
431 12198
432 12165
433 12098
434 12066
435 12002
436 11970
437 11938
438 11874
439 11841
440 11777
441 11745
442 11681
443 11649
444 11617
445 11554
446 11524
447 11462
448 11431
449 11370
450 11339
451 11278
452 11247
453 11217
454 11155
455 11124
456 11064
457 11035
458 10976
459 10947
460 10888
461 10859
462 10829
463 10770
464 10741
465 10682
466 10653
467 10595
468 10567
469 10511
470 10483
471 10455
472 10398
473 10370
474 10314
475 10286
476 10229
477 10201
478 10173
479 10119
480 10092
481 10038
482 10011
483 9957
484 9930
485 9877
486 9850
487 9823
488 9769
489 9742
490 9690
491 9664
492 9613
493 9587
494 9535
495 9509
496 9484
497 9432
498 9406
499 9355
500 9329
501 9279
502 9255
503 9205
504 9180
505 9156
506 9106
507 9082
508 9032
509 9007
510 8958
511 8933
512 8886
513 8862
514 8839
515 8791
516 8768
517 8720
518 8697
519 8649
520 8626
521 8602
522 8554
523 8532
524 8486
525 8464
526 8418
527 8396
528 8350
529 8328
530 8305
531 8260
532 8237
533 8192
534 8170
535 8126
536 8105
537 8061
538 8040
539 8018
540 7975
541 7953
542 7909
543 7888
544 7844
545 7823
546 7782
547 7761
548 7740
549 7699
550 7678
551 7636
552 7616
553 7574
554 7553
555 7533
556 7492
557 7472
558 7432
559 7412
560 7372
561 7352
562 7313
563 7293
564 7273
565 7233
566 7213
567 7174
568 7155
569 7117
570 7098
571 7060
572 7041
573 7022
574 6984
575 6964
576 6926
577 6907
578 6870
579 6852
580 6815
581 6797
582 6779
583 6742
584 6724
585 6687
586 6669
587 6633
588 6614
589 6596
590 6561
591 6544
592 6509
593 6491
594 6456
595 6439
596 6404
597 6386
598 6369
599 6334
600 6316
601 6283
602 6266
603 6233
604 6216
605 6183
606 6166
607 6149
608 6116
609 6099
610 6065
611 6049
612 6017
613 6001
614 5969
615 5953
616 5937
617 5904
618 5888
619 5856
620 5840
621 5808
622 5792
623 5777
624 5746
625 5731
626 5700
627 5685
628 5654
629 5639
630 5608
631 5593
632 5577
633 5547
634 5532
635 5503
636 5488
637 5458
638 5444
639 5414
640 5400
641 5385
642 5356
643 5341
644 5311
645 5297
646 5269
647 5255
648 5227
649 5213
650 5199
651 5171
652 5157
653 5128
654 5114
655 5086
656 5073
657 5046
658 5032
659 5019
660 4992
661 4978
662 4951
663 4938
664 4911
665 4898
666 4884
667 4858
668 4845
669 4819
670 4806
671 4780
672 4767
673 4742
674 4729
675 4716
676 4690
677 4677
678 4652
679 4639
680 4615
681 4602
682 4578
683 4565
684 4553
685 4528
686 4516
687 4491
688 4479
689 4455
690 4443
691 4419
692 4407
693 4395
694 4372
695 4360
696 4336
697 4324
698 4301
699 4289
700 4277
701 4254
702 4243
703 4220
704 4209
705 4186
706 4175
707 4152
708 4141
709 4130
710 4107
711 4096
712 4074
713 4063
714 4041
715 4030
716 4009
717 3998
718 3987
719 3965
720 3954
721 3933
722 3922
723 3901
724 3891
725 3870
726 3860
727 3849
728 3828
729 3818
730 3797
731 3787
732 3766
733 3756
734 3746
735 3726
736 3716
737 3696
738 3686
739 3666
740 3656
741 3636
742 3626
743 3616
744 3596
745 3587
746 3568
747 3558
748 3539
749 3530
750 3511
751 3501
752 3492
753 3472
754 3463
755 3444
756 3435
757 3416
758 3407
759 3389
760 3380
761 3371
762 3353
763 3343
764 3325
765 3316
766 3298
767 3289
768 3272
769 3263
770 3254
771 3237
772 3228
773 3210
774 3202
775 3184
776 3175
777 3167
778 3150
779 3141
780 3125
781 3116
782 3099
783 3091
784 3074
785 3066
786 3058
787 3041
788 3032
789 3016
790 3008
791 2992
792 2984
793 2968
794 2960
795 2952
796 2936
797 2928
798 2912
799 2904
800 2888
801 2881
802 2865
803 2857
804 2850
805 2834
806 2827
807 2811
808 2804
809 2788
810 2781
811 2773
812 2758
813 2751
814 2736
815 2729
816 2714
817 2707
818 2692
819 2685
820 2678
821 2663
822 2655
823 2641
824 2634
825 2620
826 2613
827 2599
828 2592
829 2585
830 2571
831 2564
832 2550
833 2543
834 2529
835 2523
836 2509
837 2502
838 2496
839 2482
840 2475
841 2462
842 2455
843 2442
844 2435
845 2429
846 2416
847 2409
848 2396
849 2390
850 2377
851 2371
852 2358
853 2351
854 2345
855 2332
856 2326
857 2313
858 2307
859 2295
860 2289
861 2276
862 2270
863 2264
864 2251
865 2245
866 2233
867 2227
868 2215
869 2209
870 2197
871 2192
872 2186
873 2174
874 2168
875 2156
876 2150
877 2138
878 2133
879 2127
880 2116
881 2110
882 2099
883 2093
884 2082
885 2076
886 2065
887 2059
888 2053
889 2042
890 2037
891 2026
892 2020
893 2010
894 2004
895 1993
896 1988
897 1982
898 1972
899 1966
900 1955
901 1950
902 1940
903 1935
904 1924
905 1919
906 1914
907 1904
908 1898
909 1888
910 1883
911 1873
912 1868
913 1858
914 1853
915 1848
916 1838
917 1833
918 1823
919 1818
920 1808
921 1803
922 1798
923 1788
924 1784
925 1774
926 1769
927 1760
928 1755
929 1746
930 1741
931 1736
932 1726
933 1722
934 1713
935 1708
936 1699
937 1694
938 1685
939 1681
940 1676
941 1667
942 1662
943 1653
944 1649
945 1640
946 1636
947 1627
948 1622
949 1618
950 1609
951 1605
952 1596
953 1592
954 1583
955 1579
956 1575
957 1566
958 1562
959 1554
960 1549
961 1541
962 1537
963 1529
964 1524
965 1520
966 1512
967 1508
968 1500
969 1496
970 1488
971 1484
972 1476
973 1472
974 1468
975 1460
976 1456
977 1448
978 1444
979 1436
980 1432
981 1425
982 1421
983 1417
984 1409
985 1405
986 1398
987 1394
988 1386
989 1383
990 1379
991 1372
992 1368
993 1361
994 1357
995 1350
996 1346
997 1339
998 1335
999 1331
1000 1324
1001 1320
1002 1313
1003 1310
1004 1303
1005 1299
1006 1292
1007 1289
1008 1285
1009 1278
1010 1275
1011 1268
1012 1264
1013 1258
1014 1254
1015 1248
1016 1244
1017 1241
1018 1234
1019 1231
1020 1224
1021 1221
1022 1214
1023 1211
1024 1204
1025 1201
1026 1198
1027 1191
1028 1188
1029 1182
1030 1179
1031 1172
1032 1169
1033 1166
1034 1159
1035 1156
1036 1150
1037 1147
1038 1141
1039 1138
1040 1132
1041 1129
1042 1125
1043 1119
1044 1116
1045 1110
1046 1107
1047 1101
1048 1098
1049 1093
1050 1090
1051 1087
1052 1081
1053 1078
1054 1072
1055 1069
1056 1063
1057 1060
1058 1055
1059 1052
1060 1049
1061 1043
1062 1041
1063 1035
1064 1032
1065 1026
1066 1024
1067 1021
1068 1015
1069 1013
1070 1007
1071 1005
1072 999
1073 996
1074 991
1075 988
1076 986
1077 980
1078 977
1079 972
1080 970
1081 965
1082 962
1083 957
1084 954
1085 952
1086 946
1087 944
1088 939
1089 936
1090 931
1091 929
1092 924
1093 921
1094 919
1095 914
1096 911
1097 906
1098 904
1099 899
1100 896
1101 894
1102 889
1103 887
1104 882
1105 880
1106 875
1107 873
1108 868
1109 865
1110 863
1111 858
1112 856
1113 851
1114 849
1115 845
1116 842
1117 838
1118 835
1119 833
1120 829
1121 826
1122 822
1123 820
1124 815
1125 813
1126 809
1127 807
1128 804
1129 800
1130 798
1131 793
1132 791
1133 787
1134 785
1135 783
1136 779
1137 777
1138 772
1139 770
1140 766
1141 764
1142 760
1143 758
1144 756
1145 752
1146 750
1147 746
1148 744
1149 740
1150 738
1151 734
1152 732
1153 730
1154 726
1155 724
1156 720
1157 718
1158 714
1159 712
1160 708
1161 706
1162 704
1163 701
1164 699
1165 695
1166 693
1167 689
1168 687
1169 684
1170 682
1171 680
1172 676
1173 675
1174 671
1175 669
1176 665
1177 663
1178 662
1179 658
1180 656
1181 653
1182 651
1183 648
1184 646
1185 642
1186 641
1187 639
1188 635
1189 634
1190 630
1191 629
1192 625
1193 624
1194 620
1195 618
1196 617
1197 613
1198 612
1199 608
1200 607
1201 604
1202 602
1203 599
1204 597
1205 595
1206 592
1207 591
1208 587
1209 586
1210 583
1211 581
1212 579
1213 576
1214 575
1215 572
1216 570
1217 567
1218 566
1219 562
1220 561
1221 559
1222 556
1223 555
1224 552
1225 550
1226 548
1227 546
1228 543
1229 542
1230 540
1231 537
1232 536
1233 533
1234 531
1235 529
1236 527
1237 524
1238 523
1239 521
1240 519
1241 517
1242 514
1243 513
1244 510
1245 509
1246 507
1247 505
1248 503
1249 501
1250 499
1251 497
1252 495
1253 493
1254 491
1255 490
1256 487
1257 486
1258 483
1259 482
1260 479
1261 478
1262 476
1263 474
1264 473
1265 470
1266 469
1267 467
1268 465
1269 463
1270 462
1271 459
1272 458
1273 457
1274 454
1275 453
1276 450
1277 449
1278 447
1279 446
1280 443
1281 442
1282 441
1283 438
1284 437
1285 435
1286 434
1287 431
1288 430
1289 429
1290 427
1291 425
1292 423
1293 422
1294 420
1295 419
1296 416
1297 415
1298 414
1299 412
1300 411
1301 409
1302 407
1303 405
1304 404
1305 402
1306 401
1307 400
1308 398
1309 396
1310 394
1311 393
1312 391
1313 390
1314 388
1315 387
1316 386
1317 384
1318 383
1319 381
1320 380
1321 378
1322 377
1323 376
1324 374
1325 373
1326 371
1327 370
1328 368
1329 367
1330 365
1331 364
1332 363
1333 361
1334 360
1335 358
1336 357
1337 355
1338 354
1339 352
1340 351
1341 350
1342 348
1343 347
1344 345
1345 344
1346 343
1347 342
1348 340
1349 339
1350 338
1351 336
1352 335
1353 333
1354 332
1355 331
1356 330
1357 329
1358 327
1359 326
1360 324
1361 324
1362 322
1363 321
1364 319
1365 318
1366 317
1367 316
1368 315
1369 313
1370 312
1371 311
1372 310
1373 308
1374 307
1375 306
1376 305
1377 304
1378 302
1379 302
1380 300
1381 299
1382 297
1383 297
1384 296
1385 294
1386 293
1387 292
1388 291
1389 289
1390 289
1391 288
1392 286
1393 286
1394 284
1395 283
1396 282
1397 281
1398 279
1399 279
1400 278
1401 276
1402 276
1403 274
1404 274
1405 272
1406 271
1407 270
1408 269
1409 268
1410 267
1411 266
1412 265
1413 264
1414 263
1415 262
1416 260
1417 260
1418 259
1419 258
1420 257
1421 256
1422 255
1423 253
1424 253
1425 251
1426 251
1427 250
1428 249
1429 248
1430 247
1431 246
1432 245
1433 244
1434 243
1435 242
1436 241
1437 240
1438 239
1439 238
1440 238
1441 236
1442 236
1443 235
1444 234
1445 233
1446 232
1447 231
1448 230
1449 229
1450 228
1451 227
1452 227
1453 226
1454 225
1455 224
1456 223
1457 222
1458 221
1459 220
1460 220
1461 219
1462 218
1463 217
1464 216
1465 215
1466 214
1467 214
1468 213
1469 212
1470 211
1471 210
1472 210
1473 208
1474 208
1475 207
1476 206
1477 206
1478 205
1479 204
1480 203
1481 202
1482 201
1483 201
1484 200
1485 199
1486 199
1487 197
1488 197
1489 196
1490 195
1491 194
1492 194
1493 193
1494 192
1495 192
1496 191
1497 190
1498 189
1499 189
1500 188
1501 187
1502 187
1503 186
1504 185
1505 184
1506 184
1507 183
1508 182
1509 181
1510 181
1511 180
1512 179
1513 179
1514 178
1515 177
1516 176
1517 176
1518 175
1519 174
1520 174
1521 173
1522 172
1523 171
1524 171
1525 170
1526 170
1527 169
1528 168
1529 168
1530 167
1531 166
1532 165
1533 165
1534 164
1535 164
1536 163
1537 162
1538 162
1539 161
1540 161
1541 160
1542 159
1543 158
1544 158
1545 158
1546 157
1547 156
1548 156
1549 155
1550 154
1551 154
1552 153
1553 153
1554 152
1555 151
1556 151
1557 150
1558 150
1559 149
1560 148
1561 148
1562 147
1563 147
1564 146
1565 146
1566 145
1567 144
1568 144
1569 143
1570 143
1571 142
1572 142
1573 141
1574 141
1575 140
1576 139
1577 139
1578 138
1579 138
1580 137
1581 137
1582 136
1583 136
1584 135
1585 135
1586 134
1587 134
1588 133
1589 132
1590 132
1591 131
1592 131
1593 130
1594 130
1595 129
1596 129
1597 129
1598 128
1599 128
1600 127
1601 126
1602 126
1603 125
1604 125
1605 124
1606 124
1607 123
1608 123
1609 122
1610 122
1611 121
1612 121
1613 121
1614 120
1615 120
1616 119
1617 119
1618 118
1619 118
1620 117
1621 117
1622 117
1623 116
1624 116
1625 115
1626 115
1627 114
1628 114
1629 113
1630 113
1631 113
1632 112
1633 112
1634 111
1635 111
1636 110
1637 110
1638 109
1639 109
1640 109
1641 108
1642 108
1643 107
1644 107
1645 106
1646 106
1647 106
1648 105
1649 105
1650 104
1651 104
1652 103
1653 103
1654 103
1655 102
1656 102
1657 101
1658 101
1659 101
1660 100
1661 100
1662 100
1663 99
1664 99
1665 98
1666 98
1667 98
1668 97
1669 97
1670 96
1671 96
1672 96
1673 95
1674 95
1675 95
1676 94
1677 94
1678 94
1679 93
1680 93
1681 92
1682 92
1683 92
1684 91
1685 91
1686 91
1687 90
1688 90
1689 90
1690 89
1691 89
1692 89
1693 88
1694 88
1695 87
1696 87
1697 87
1698 86
1699 86
1700 86
1701 85
1702 85
1703 85
1704 84
1705 84
1706 84
1707 83
1708 83
1709 83
1710 82
1711 82
1712 82
1713 81
1714 81
1715 81
1716 81
1717 80
1718 80
1719 80
1720 79
1721 79
1722 79
1723 78
1724 78
1725 78
1726 78
1727 77
1728 77
1729 76
1730 76
1731 76
1732 76
1733 75
1734 75
1735 75
1736 74
1737 74
1738 74
1739 74
1740 73
1741 73
1742 73
1743 72
1744 72
1745 72
1746 72
1747 71
1748 71
1749 71
1750 70
1751 70
1752 70
1753 70
1754 69
1755 69
1756 69
1757 69
1758 68
1759 68
1760 68
1761 67
1762 67
1763 67
1764 67
1765 66
1766 66
1767 66
1768 66
1769 65
1770 65
1771 65
1772 65
1773 64
1774 64
1775 64
1776 64
1777 63
1778 63
1779 63
1780 63
1781 62
1782 62
1783 62
1784 62
1785 61
1786 61
1787 61
1788 61
1789 60
1790 60
1791 60
1792 60
1793 59
1794 59
1795 59
1796 59
1797 59
1798 58
1799 58
1800 58
1801 58
1802 57
1803 57
1804 57
1805 57
1806 56
1807 56
1808 56
1809 56
1810 56
1811 55
1812 55
1813 55
1814 55
1815 55
1816 54
1817 54
1818 54
1819 54
1820 53
1821 53
1822 53
1823 53
1824 53
1825 52
1826 52
1827 52
1828 52
1829 52
1830 51
1831 51
1832 51
1833 51
1834 51
1835 50
1836 50
1837 50
1838 50
1839 50
1840 49
1841 49
1842 49
1843 49
1844 49
1845 48
1846 48
1847 48
1848 48
1849 48
1850 48
1851 47
1852 47
1853 47
1854 47
1855 47
1856 46
1857 46
1858 46
1859 46
1860 46
1861 46
1862 45
1863 45
1864 45
1865 45
1866 45
1867 44
1868 44
1869 44
1870 44
1871 44
1872 44
1873 43
1874 43
1875 43
1876 43
1877 43
1878 43
1879 42
1880 42
1881 42
1882 42
1883 42
1884 42
1885 41
1886 41
1887 41
1888 41
1889 41
1890 41
1891 40
1892 40
1893 40
1894 40
1895 40
1896 40
1897 39
1898 39
1899 39
1900 39
1901 39
1902 39
1903 39
1904 38
1905 38
1906 38
1907 38
1908 38
1909 38
1910 37
1911 37
1912 37
1913 37
1914 37
1915 37
1916 37
1917 36
1918 36
1919 36
1920 36
1921 36
1922 36
1923 36
1924 35
1925 35
1926 35
1927 35
1928 35
1929 35
1930 35
1931 34
1932 34
1933 34
1934 34
1935 34
1936 34
1937 34
1938 34
1939 33
1940 33
1941 33
1942 33
1943 33
1944 33
1945 33
1946 33
1947 32
1948 32
1949 32
1950 32
1951 32
1952 32
1953 32
1954 32
1955 31
1956 31
1957 31
1958 31
1959 31
1960 31
1961 31
1962 30
1963 30
1964 30
1965 30
1966 30
1967 30
1968 30
1969 30
1970 30
1971 29
1972 29
1973 29
1974 29
1975 29
1976 29
1977 29
1978 29
1979 29
1980 28
1981 28
1982 28
1983 28
1984 28
1985 28
1986 28
1987 28
1988 28
1989 27
1990 27
1991 27
1992 27
1993 27
1994 27
1995 27
1996 27
1997 27
1998 26
1999 26
2000 26
2001 26
2002 26
2003 26
2004 26
2005 26
2006 26
2007 26
2008 25
2009 25
2010 25
2011 25
2012 25
2013 25
2014 25
2015 25
2016 25
2017 25
2018 24
2019 24
2020 24
2021 24
2022 24
2023 24
2024 24
2025 24
2026 24
2027 24
2028 23
2029 23
2030 23
2031 23
2032 23
2033 23
2034 23
2035 23
2036 23
2037 23
2038 23
2039 22
2040 22
2041 22
2042 22
2043 22
2044 22
2045 22
2046 22
2047 22
2048 22
2049 22
2050 22
2051 21
2052 21
2053 21
2054 21
2055 21
2056 21
2057 21
2058 21
2059 21
2060 21
2061 21
2062 20
2063 20
2064 20
2065 20
2066 20
2067 20
2068 20
2069 20
2070 20
2071 20
2072 20
2073 20
2074 20
2075 19
2076 19
2077 19
2078 19
2079 19
2080 19
2081 19
2082 19
2083 19
2084 19
2085 19
2086 19
2087 19
2088 18
2089 18
2090 18
2091 18
2092 18
2093 18
2094 18
2095 18
2096 18
2097 18
2098 18
2099 18
2100 18
2101 18
2102 17
2103 17
2104 17
2105 17
2106 17
2107 17
2108 17
2109 17
2110 17
2111 17
2112 17
2113 17
2114 17
2115 17
2116 16
2117 16
2118 16
2119 16
2120 16
2121 16
2122 16
2123 16
2124 16
2125 16
2126 16
2127 16
2128 16
2129 16
2130 16
2131 16
2132 15
2133 15
2134 15
2135 15
2136 15
2137 15
2138 15
2139 15
2140 15
2141 15
2142 15
2143 15
2144 15
2145 15
2146 15
2147 15
2148 14
2149 14
2150 14
2151 14
2152 14
2153 14
2154 14
2155 14
2156 14
2157 14
2158 14
2159 14
2160 14
2161 14
2162 14
2163 14
2164 14
2165 14
2166 13
2167 13
2168 13
2169 13
2170 13
2171 13
2172 13
2173 13
2174 13
2175 13
2176 13
2177 13
2178 13
2179 13
2180 13
2181 13
2182 13
2183 13
2184 13
2185 12
2186 12
2187 12
2188 12
2189 12
2190 12
2191 12
2192 12
2193 12
2194 12
2195 12
2196 12
2197 12
2198 12
2199 12
2200 12
2201 12
2202 12
2203 12
2204 12
2205 12
2206 11
2207 11
2208 11
2209 11
2210 11
2211 11
2212 11
2213 11
2214 11
2215 11
2216 11
2217 11
2218 11
2219 11
2220 11
2221 11
2222 11
2223 11
2224 11
2225 11
2226 11
2227 11
2228 10
2229 10
2230 10
2231 10
2232 10
2233 10
2234 10
2235 10
2236 10
2237 10
2238 10
2239 10
2240 10
2241 10
2242 10
2243 10
2244 10
2245 10
2246 10
2247 10
2248 10
2249 10
2250 10
2251 10
2252 9
2253 9
2254 9
2255 9
2256 9
2257 9
2258 9
2259 9
2260 9
2261 9
2262 9
2263 9
2264 9
2265 9
2266 9
2267 9
2268 9
2269 9
2270 9
2271 9
2272 9
2273 9
2274 9
2275 9
2276 9
2277 9
2278 9
2279 9
2280 8
2281 8
2282 8
2283 8
2284 8
2285 8
2286 8
2287 8
2288 8
2289 8
2290 8
2291 8
2292 8
2293 8
2294 8
2295 8
2296 8
2297 8
2298 8
2299 8
2300 8
2301 8
2302 8
2303 8
2304 8
2305 8
2306 8
2307 8
2308 8
2309 8
2310 7
2311 7
2312 7
2313 7
2314 7
2315 7
2316 7
2317 7
2318 7
2319 7
2320 7
2321 7
2322 7
2323 7
2324 7
2325 7
2326 7
2327 7
2328 7
2329 7
2330 7
2331 7
2332 7
2333 7
2334 7
2335 7
2336 7
2337 7
2338 7
2339 7
2340 7
2341 7
2342 7
2343 7
2344 6
2345 6
2346 6
2347 6
2348 6
2349 6
2350 6
2351 6
2352 6
2353 6
2354 6
2355 6
2356 6
2357 6
2358 6
2359 6
2360 6
2361 6
2362 6
2363 6
2364 6
2365 6
2366 6
2367 6
2368 6
2369 6
2370 6
2371 6
2372 6
2373 6
2374 6
2375 6
2376 6
2377 6
2378 6
2379 6
2380 6
2381 6
2382 6
2383 6
2384 5
2385 5
2386 5
2387 5
2388 5
2389 5
2390 5
2391 5
2392 5
2393 5
2394 5
2395 5
2396 5
2397 5
2398 5
2399 5
2400 5
2401 5
2402 5
2403 5
2404 5
2405 5
2406 5
2407 5
2408 5
2409 5
2410 5
2411 5
2412 5
2413 5
2414 5
2415 5
2416 5
2417 5
2418 5
2419 5
2420 5
2421 5
2422 5
2423 5
2424 5
2425 5
2426 5
2427 5
2428 5
2429 5
2430 4
2431 4
2432 4
2433 4
2434 4
2435 4
2436 4
2437 4
2438 4
2439 4
2440 4
2441 4
2442 4
2443 4
2444 4
2445 4
2446 4
2447 4
2448 4
2449 4
2450 4
2451 4
2452 4
2453 4
2454 4
2455 4
2456 4
2457 4
2458 4
2459 4
2460 4
2461 4
2462 4
2463 4
2464 4
2465 4
2466 4
2467 4
2468 4
2469 4
2470 4
2471 4
2472 4
2473 4
2474 4
2475 4
2476 4
2477 4
2478 4
2479 4
2480 4
2481 4
2482 4
2483 4
2484 4
2485 4
2486 4
2487 4
2488 3
2489 3
2490 3
2491 3
2492 3
2493 3
2494 3
2495 3
2496 3
2497 3
2498 3
2499 3
2500 3
2501 3
2502 3
2503 3
2504 3
2505 3
2506 3
2507 3
2508 3
2509 3
2510 3
2511 3
2512 3
2513 3
2514 3
2515 3
2516 3
2517 3
2518 3
2519 3
2520 3
2521 3
2522 3
2523 3
2524 3
2525 3
2526 3
2527 3
2528 3
2529 3
2530 3
2531 3
2532 3
2533 3
2534 3
2535 3
2536 3
2537 3
2538 3
2539 3
2540 3
2541 3
2542 3
2543 3
2544 3
2545 3
2546 3
2547 3
2548 3
2549 3
2550 3
2551 3
2552 3
2553 3
2554 3
2555 3
2556 3
2557 3
2558 3
2559 3
2560 3
2561 2
2562 2
2563 2
2564 2
2565 2
2566 2
2567 2
2568 2
2569 2
2570 2
2571 2
2572 2
2573 2
2574 2
2575 2
2576 2
2577 2
2578 2
2579 2
2580 2
2581 2
2582 2
2583 2
2584 2
2585 2
2586 2
2587 2
2588 2
2589 2
2590 2
2591 2
2592 2
2593 2
2594 2
2595 2
2596 2
2597 2
2598 2
2599 2
2600 2
2601 2
2602 2
2603 2
2604 2
2605 2
2606 2
2607 2
2608 2
2609 2
2610 2
2611 2
2612 2
2613 2
2614 2
2615 2
2616 2
2617 2
2618 2
2619 2
2620 2
2621 2
2622 2
2623 2
2624 2
2625 2
2626 2
2627 2
2628 2
2629 2
2630 2
2631 2
2632 2
2633 2
2634 2
2635 2
2636 2
2637 2
2638 2
2639 2
2640 2
2641 2
2642 2
2643 2
2644 2
2645 2
2646 2
2647 2
2648 2
2649 2
2650 2
2651 2
2652 2
2653 2
2654 2
2655 2
2656 2
2657 2
2658 2
2659 2
2660 2
2661 2
2662 2
2663 2
2664 2
2665 1
2666 1
2667 1
2668 1
2669 1
2670 1
2671 1
2672 1
2673 1
2674 1
2675 1
2676 1
2677 1
2678 1
2679 1
2680 1
2681 1
2682 1
2683 1
2684 1
2685 1
2686 1
2687 1
2688 1
2689 1
2690 1
2691 1
2692 1
2693 1
2694 1
2695 1
2696 1
2697 1
2698 1
2699 1
2700 1
2701 1
2702 1
2703 1
2704 1
2705 1
2706 1
2707 1
2708 1
2709 1
2710 1
2711 1
2712 1
2713 1
2714 1
2715 1
2716 1
2717 1
2718 1
2719 1
2720 1
2721 1
2722 1
2723 1
2724 1
2725 1
2726 1
2727 1
2728 1
2729 1
2730 1
2731 1
2732 1
2733 1
2734 1
2735 1
2736 1
2737 1
2738 1
2739 1
2740 1
2741 1
2742 1
2743 1
2744 1
2745 1
2746 1
2747 1
2748 1
2749 1
2750 1
2751 1
2752 1
2753 1
2754 1
2755 1
2756 1
2757 1
2758 1
2759 1
2760 1
2761 1
2762 1
2763 1
2764 1
2765 1
2766 1
2767 1
2768 1
2769 1
2770 1
2771 1
2772 1
2773 1
2774 1
2775 1
2776 1
2777 1
2778 1
2779 1
2780 1
2781 1
2782 1
2783 1
2784 1
2785 1
2786 1
2787 1
2788 1
2789 1
2790 1
2791 1
2792 1
2793 1
2794 1
2795 1
2796 1
2797 1
2798 1
2799 1
2800 1
2801 1
2802 1
2803 1
2804 1
2805 1
2806 1
2807 1
2808 1
2809 1
2810 1
2811 1
2812 1
2813 1
2814 1
2815 1
2816 1
2817 1
2818 1
2819 1
2820 1
2821 1
2822 1
2823 1
2824 1
2825 1
2826 1
2827 1
2828 1
2829 1
2830 1
2831 1
2832 1
2833 1
2834 1
2835 1
2836 1
2837 1
2838 1
2839 1
2840 1
2841 1
2842 0
2843 0
2844 0
2845 0
2846 0
2847 0
2848 0
2849 0
2850 0
2851 0
2852 0
2853 0
2854 0
2855 0
2856 0
2857 0
2858 0
2859 0
2860 0
2861 0
2862 0
2863 0
2864 0
2865 0
2866 0
2867 0
2868 0
2869 0
2870 0
2871 0
2872 0
2873 0
2874 0
2875 0
2876 0
2877 0
2878 0
2879 0
2880 0
2881 0
2882 0
2883 0
2884 0
2885 0
2886 0
2887 0
2888 0
2889 0
2890 0
2891 0
2892 0
2893 0
2894 0
2895 0
2896 0
2897 0
2898 0
2899 0
2900 0
2901 0
2902 0
2903 0
2904 0
2905 0
2906 0
2907 0
2908 0
2909 0
2910 0
2911 0
2912 0
2913 0
2914 0
2915 0
2916 0
2917 0
2918 0
2919 0
2920 0
2921 0
2922 0
2923 0
2924 0
2925 0
2926 0
2927 0
2928 0
2929 0
2930 0
2931 0
2932 0
2933 0
2934 0
2935 0
2936 0
2937 0
2938 0
2939 0
2940 0
2941 0
2942 0
2943 0
2944 0
2945 0
2946 0
2947 0
2948 0
2949 0
2950 0
2951 0
2952 0
2953 0
2954 0
2955 0
2956 0
2957 0
2958 0
2959 0
2960 0
2961 0
2962 0
2963 0
2964 0
2965 0
2966 0
2967 0
2968 0
2969 0
2970 0
2971 0
2972 0
2973 0
2974 0
2975 0
2976 0
2977 0
2978 0
2979 0
2980 0
2981 0
2982 0
2983 0
2984 0
2985 0
2986 0
2987 0
2988 0
2989 0
2990 0
2991 0
2992 0
2993 0
2994 0
2995 0
2996 0
2997 0
2998 0
2999 0
3000 0
3001 0
3002 0
3003 0
3004 0
3005 0
3006 0
3007 0
3008 0
3009 0
3010 0
3011 0
3012 0
3013 0
3014 0
3015 0
3016 0
3017 0
3018 0
3019 0
3020 0
3021 0
3022 0
3023 0
3024 0
3025 0
3026 0
3027 0
3028 0
3029 0
3030 0
3031 0
3032 0
3033 0
3034 0
3035 0
3036 0
3037 0
3038 0
3039 0
3040 0
3041 0
3042 0
3043 0
3044 0
3045 0
3046 0
3047 0
3048 0
3049 0
3050 0
3051 0
3052 0
3053 0
3054 0
3055 0
3056 0
3057 0
3058 0
3059 0
3060 0
3061 0
3062 0
3063 0
3064 0
3065 0
3066 0
3067 0
3068 0
3069 0
3070 0
3071 0
3072 0
3073 0
3074 0
3075 0
3076 0
3077 0
3078 0
3079 0
3080 0
3081 0
3082 0
3083 0
3084 0
3085 0
3086 0
3087 0
3088 0
3089 0
3090 0
3091 0
3092 0
3093 0
3094 0
3095 0
3096 0
3097 0
3098 0
3099 0
3100 0
3101 0
3102 0
3103 0
3104 0
3105 0
3106 0
3107 0
3108 0
3109 0
3110 0
3111 0
3112 0
3113 0
3114 0
3115 0
3116 0
3117 0
3118 0
3119 0
3120 0
3121 0
3122 0
3123 0
3124 0
3125 0
3126 0
3127 0
3128 0
3129 0
3130 0
3131 0
3132 0
3133 0
3134 0
3135 0
3136 0
3137 0
3138 0
3139 0
3140 0
3141 0
3142 0
3143 0
3144 0
3145 0
3146 0
3147 0
3148 0
3149 0
3150 0
3151 0
3152 0
3153 0
3154 0
3155 0
3156 0
3157 0
3158 0
3159 0
3160 0
3161 0
3162 0
3163 0
3164 0
3165 0
3166 0
3167 0
3168 0
3169 0
3170 0
3171 0
3172 0
3173 0
3174 0
3175 0
3176 0
3177 0
3178 0
3179 0
3180 0
3181 0
3182 0
3183 0
3184 0
3185 0
3186 0
3187 0
3188 0
3189 0
3190 0
3191 0
3192 0
3193 0
3194 0
3195 0
3196 0
3197 0
3198 0
3199 0
3200 0
3201 0
3202 0
3203 0
3204 0
3205 0
3206 0
3207 0
3208 0
3209 0
3210 0
3211 0
3212 0
3213 0
3214 0
3215 0
3216 0
3217 0
3218 0
3219 0
3220 0
3221 0
3222 0
3223 0
3224 0
3225 0
3226 0
3227 0
3228 0
3229 0
3230 0
3231 0
3232 0
3233 0
3234 0
3235 0
3236 0
3237 0
3238 0
3239 0
3240 0
3241 0
3242 0
3243 0
3244 0
3245 0
3246 0
3247 0
3248 0
3249 0
3250 0
3251 0
3252 0
3253 0
3254 0
3255 0
3256 0
3257 0
3258 0
3259 0
3260 0
3261 0
3262 0
3263 0
3264 0
3265 0
3266 0
3267 0
3268 0
3269 0
3270 0
3271 0
3272 0
3273 0
3274 0
3275 0
3276 0
3277 0
3278 0
3279 0
3280 0
3281 0
3282 0
3283 0
3284 0
3285 0
3286 0
3287 0
3288 0
3289 0
3290 0
3291 0
3292 0
3293 0
3294 0
3295 0
3296 0
3297 0
3298 0
3299 0
3300 0
3301 0
3302 0
3303 0
3304 0
3305 0
3306 0
3307 0
3308 0
3309 0
3310 0
3311 0
3312 0
3313 0
3314 0
3315 0
3316 0
3317 0
3318 0
3319 0
3320 0
3321 0
3322 0
3323 0
3324 0
3325 0
3326 0
3327 0
3328 0
3329 0
3330 0
3331 0
3332 0
3333 0
3334 0
3335 0
3336 0
3337 0
3338 0
3339 0
3340 0
3341 0
3342 0
3343 0
3344 0
3345 0
3346 0
3347 0
3348 0
3349 0
3350 0
3351 0
3352 0
3353 0
3354 0
3355 0
3356 0
3357 0
3358 0
3359 0
3360 0
3361 0
3362 0
3363 0
3364 0
3365 0
3366 0
3367 0
3368 0
3369 0
3370 0
3371 0
3372 0
3373 0
3374 0
3375 0
3376 0
3377 0
3378 0
3379 0
3380 0
3381 0
3382 0
3383 0
3384 0
3385 0
3386 0
3387 0
3388 0
3389 0
3390 0
3391 0
3392 0
3393 0
3394 0
3395 0
3396 0
3397 0
3398 0
3399 0
3400 0
3401 0
3402 0
3403 0
3404 0
3405 0
3406 0
3407 0
3408 0
3409 0
3410 0
3411 0
3412 0
3413 0
3414 0
3415 0
3416 0
3417 0
3418 0
3419 0
3420 0
3421 0
3422 0
3423 0
3424 0
3425 0
3426 0
3427 0
3428 0
3429 0
3430 0
3431 0
3432 0
3433 0
3434 0
3435 0
3436 0
3437 0
3438 0
3439 0
3440 0
3441 0
3442 0
3443 0
3444 0
3445 0
3446 0
3447 0
3448 0
3449 0
3450 0
3451 0
3452 0
3453 0
3454 0
3455 0
3456 0
3457 0
3458 0
3459 0
3460 0
3461 0
3462 0
3463 0
3464 0
3465 0
3466 0
3467 0
3468 0
3469 0
3470 0
3471 0
3472 0
3473 0
3474 0
3475 0
3476 0
3477 0
3478 0
3479 0
3480 0
3481 0
3482 0
3483 0
3484 0
3485 0
3486 0
3487 0
3488 0
3489 0
3490 0
3491 0
3492 0
3493 0
3494 0
3495 0
3496 0
3497 0
3498 0
3499 0
3500 0
3501 0
3502 0
3503 0
3504 0
3505 0
3506 0
3507 0
3508 0
3509 0
3510 0
3511 0
3512 0
3513 0
3514 0
3515 0
3516 0
3517 0
3518 0
3519 0
3520 0
3521 0
3522 0
3523 0
3524 0
3525 0
3526 0
3527 0
3528 0
3529 0
3530 0
3531 0
3532 0
3533 0
3534 0
3535 0
3536 0
3537 0
3538 0
3539 0
3540 0
3541 0
3542 0
3543 0
3544 0
3545 0
3546 0
3547 0
3548 0
3549 0
3550 0
3551 0
3552 0
3553 0
3554 0
3555 0
3556 0
3557 0
3558 0
3559 0
3560 0
3561 0
3562 0
3563 0
3564 0
3565 0
3566 0
3567 0
3568 0
3569 0
3570 0
3571 0
3572 0
3573 0
3574 0
3575 0
3576 0
3577 0
3578 0
3579 0
3580 0
3581 0
3582 0
3583 0
3584 0
3585 0
3586 0
3587 0
3588 0
3589 0
3590 0
3591 0
3592 0
3593 0
3594 0
3595 0
3596 0
3597 0
3598 0
3599 0
3600 0
3601 0
3602 0
3603 0
3604 0
3605 0
3606 0
3607 0
3608 0
3609 0
3610 0
3611 0
3612 0
3613 0
3614 0
3615 0
3616 0
3617 0
3618 0
3619 0
3620 0
3621 0
3622 0
3623 0
3624 0
3625 0
3626 0
3627 0
3628 0
3629 0
3630 0
3631 0
3632 0
3633 0
3634 0
3635 0
3636 0
3637 0
3638 0
3639 0
3640 0
3641 0
3642 0
3643 0
3644 0
3645 0
3646 0
3647 0
3648 0
3649 0
3650 0
3651 0
3652 0
3653 0
3654 0
3655 0
3656 0
3657 0
3658 0
3659 0
3660 0
3661 0
3662 0
3663 0
3664 0
3665 0
3666 0
3667 0
3668 0
3669 0
3670 0
3671 0
3672 0
3673 0
3674 0
3675 0
3676 0
3677 0
3678 0
3679 0
3680 0
3681 0
3682 0
3683 0
3684 0
3685 0
3686 0
3687 0
3688 0
3689 0
3690 0
3691 0
3692 0
3693 0
3694 0
3695 0
3696 0
3697 0
3698 0
3699 0
3700 0
3701 0
3702 0
3703 0
3704 0
3705 0
3706 0
3707 0
3708 0
3709 0
3710 0
3711 0
3712 0
3713 0
3714 0
3715 0
3716 0
3717 0
3718 0
3719 0
3720 0
3721 0
3722 0
3723 0
3724 0
3725 0
3726 0
3727 0
3728 0
3729 0
3730 0
3731 0
3732 0
3733 0
3734 0
3735 0
3736 0
3737 0
3738 0
3739 0
3740 0
3741 0
3742 0
3743 0
3744 0
3745 0
3746 0
3747 0
3748 0
3749 0
3750 0
3751 0
3752 0
3753 0
3754 0
3755 0
3756 0
3757 0
3758 0
3759 0
3760 0
3761 0
3762 0
3763 0
3764 0
3765 0
3766 0
3767 0
3768 0
3769 0
3770 0
3771 0
3772 0
3773 0
3774 0
3775 0
3776 0
3777 0
3778 0
3779 0
3780 0
3781 0
3782 0
3783 0
3784 0
3785 0
3786 0
3787 0
3788 0
3789 0
3790 0
3791 0
3792 0
3793 0
3794 0
3795 0
3796 0
3797 0
3798 0
3799 0
3800 0
3801 0
3802 0
3803 0
3804 0
3805 0
3806 0
3807 0
3808 0
3809 0
3810 0
3811 0
3812 0
3813 0
3814 0
3815 0
3816 0
3817 0
3818 0
3819 0
3820 0
3821 0
3822 0
3823 0
3824 0
3825 0
3826 0
3827 0
3828 0
3829 0
3830 0
3831 0
3832 0
3833 0
3834 0
3835 0
3836 0
3837 0
3838 0
3839 0
3840 0
3841 0
3842 0
3843 0
3844 0
3845 0
3846 0
3847 0
3848 0
3849 0
3850 0
3851 0
3852 0
3853 0
3854 0
3855 0
3856 0
3857 0
3858 0
3859 0
3860 0
3861 0
3862 0
3863 0
3864 0
3865 0
3866 0
3867 0
3868 0
3869 0
3870 0
3871 0
3872 0
3873 0
3874 0
3875 0
3876 0
3877 0
3878 0
3879 0
3880 0
3881 0
3882 0
3883 0
3884 0
3885 0
3886 0
3887 0
3888 0
3889 0
3890 0
3891 0
3892 0
3893 0
3894 0
3895 0
3896 0
3897 0
3898 0
3899 0
3900 0
3901 0
3902 0
3903 0
3904 0
3905 0
3906 0
3907 0
3908 0
3909 0
3910 0
3911 0
3912 0
3913 0
3914 0
3915 0
3916 0
3917 0
3918 0
3919 0
3920 0
3921 0
3922 0
3923 0
3924 0
3925 0
3926 0
3927 0
3928 0
3929 0
3930 0
3931 0
3932 0
3933 0
3934 0
3935 0
3936 0
3937 0
3938 0
3939 0
3940 0
3941 0
3942 0
3943 0
3944 0
3945 0
3946 0
3947 0
3948 0
3949 0
3950 0
3951 0
3952 0
3953 0
3954 0
3955 0
3956 0
3957 0
3958 0
3959 0
3960 0
3961 0
3962 0
3963 0
3964 0
3965 0
3966 0
3967 0
3968 0
3969 0
3970 0
3971 0
3972 0
3973 0
3974 0
3975 0
3976 0
3977 0
3978 0
3979 0
3980 0
3981 0
3982 0
3983 0
3984 0
3985 0
3986 0
3987 0
3988 0
3989 0
3990 0
3991 0
3992 0
3993 0
3994 0
3995 0
3996 0
3997 0
3998 0
3999 0
4000 0
4001 0
4002 0
4003 0
4004 0
4005 0
4006 0
4007 0
4008 0
4009 0
4010 0
4011 0
4012 0
4013 0
4014 0
4015 0
4016 0
4017 0
4018 0
4019 0
4020 0
4021 0
4022 0
4023 0
4024 0
4025 0
4026 0
4027 0
4028 0
4029 0
4030 0
4031 0
4032 0
4033 0
4034 0
4035 0
4036 0
4037 0
4038 0
4039 0
4040 0
4041 0
4042 0
4043 0
4044 0
4045 0
4046 0
4047 0
4048 0
4049 0
4050 0
4051 0
4052 0
4053 0
4054 0
4055 0
4056 0
4057 0
4058 0
4059 0
4060 0
4061 0
4062 0
4063 0
4064 0
4065 0
4066 0
4067 0
4068 0
4069 0
4070 0
4071 0
4072 0
4073 0
4074 0
4075 0
4076 0
4077 0
4078 0
4079 0
4080 0
4081 0
4082 0
4083 0
4084 0
4085 0
4086 0
4087 0
4088 0
4089 0
4090 0
4091 0
4092 0
4093 0
4094 0
4095 0
4096 0
4097 0
4098 0
4099 0
4100 0
4101 0
4102 0
4103 0
4104 0
4105 0
4106 0
4107 0
4108 0
4109 0
4110 0
4111 0
4112 0
4113 0
4114 0
4115 0
4116 0
4117 0
4118 0
4119 0
4120 0
4121 0
4122 0
4123 0
4124 0
4125 0
4126 0
4127 0
4128 0
4129 0
4130 0
4131 0
4132 0
4133 0
4134 0
4135 0
4136 0
4137 0
4138 0
4139 0
4140 0
4141 0
4142 0
4143 0
4144 0
4145 0
4146 0
4147 0
4148 0
4149 0
4150 0
4151 0
4152 0
4153 0
4154 0
4155 0
4156 0
4157 0
4158 0
4159 0
4160 0
4161 0
4162 0
4163 0
4164 0
4165 0
4166 0
4167 0
4168 0
4169 0
4170 0
4171 0
4172 0
4173 0
4174 0
4175 0
4176 0
4177 0
4178 0
4179 0
4180 0
4181 0
4182 0
4183 0
4184 0
4185 0
4186 0
4187 0
4188 0
4189 0
4190 0
4191 0
4192 0
4193 0
4194 0
4195 0
4196 0
4197 0
4198 0
4199 0
