88
1 1
13
-39
24
384
3 1
7 -16 -6
32 15 -20
63 -65 93
381 1224 763
4 1
-7 31 40 -18
38 30 -17 5
-82 83 -43 -53
-526 -587 -723 -666
5 1
-14 -31 -16 3 1
-37 18 3 -37 25
84 -127 -125 -45 -37
126 301 178 -1012 -877
9 1
-4 -28 13 -27 33 -17 8 -11 27
36 2 -35 -11 -25 23 -13 31 -17
3 94 -62 -107 -44 26 -124 -52 -11
-632 -922 -182 -920 -173 -876 -249 -805 -170
1 2
4 29
3 -20
69 37
1104 592
3 2
-39 -34 -33 16 -30 9
-18 -39 7 -13 25 -25
118 -97 -121 123 38 87
1862 -1523 942 -633 1129 -797
4 2
30 -15 6 -25 31 -21 -30 23
-19 2 -11 -14 -20 -20 -4 -21
-82 -127 -53 -127 125 -34 -79 7
-702 -620 -208 -708 -708 -542 -668 -1674
5 2
24 11 -32 18 13 -17 -9 -17 -37 7
2 -18 10 -18 -18 33 26 -9 12 25
85 38 -67 -94 107 -29 -25 -59 -9 41
-109 -224 1602 -408 -155 -669 237 -397 1567 -399
9 2
32 -3 -24 28 25 -33 -7 14 -35 6 26 28 33 -27 40 -32 -21 7
-36 -5 16 7 11 -1 17 38 -7 -1 23 21 -34 -7 17 -37 -12 4
-59 -127 -86 -113 -72 -32 75 123 -35 11 50 -22 25 33 70 -90 26 60
313 -539 101 55 1006 -1391 156 187 -304 -739 887 1065 939 -1364 1020 -1404 -208 -467
1 3
-35 13 -16
-20 -30 -22
28 -10 42
448 -160 672
3 3
14 -15 -39 -21 -26 25 -36 3 10
0 -35 -10 -28 22 -21 34 -14 -7
55 -47 17 -109 -82 -80 -22 81 -121
94 208 -914 640 -663 40 -1520 -1249 -1157
4 3
26 -21 35 28 1 35 -20 18 13 16 -37 7
-37 9 5 29 36 -38 0 20 16 -35 0 0
71 24 -64 66 -99 -72 120 -68 -79 -39 -111 -102
1644 -1057 -1273 1760 -1094 -1256 812 -549 -1242 710 -1135 -1349
5 3
-1 -13 27 -28 18 23 20 -33 14 -12 -12 2 -20 9 35
29 -10 20 -17 -14 30 33 30 -13 -20 18 -39 -16 -31 -32
-66 -80 7 -8 -19 14 -13 126 61 100 78 -1 102 -73 -113
-348 -575 148 45 -137 181 -644 -1049 -25 723 -510 -639 -158 -331 211
9 3
25 29 7 -10 11 23 -30 13 19 -26 1 -9 16 -2 14 32 -25 -19 -13 38 9 -7 33 -18 40 -40 26
-5 -37 21 2 40 -15 40 -2 -37 10 6 -13 31 -8 -11 -29 -14 -8 31 -40 -38 -21 32 34 -23 2 -13
-63 28 18 -114 -21 91 73 77 97 15 16 -91 116 119 -47 88 -104 -78 -67 8 33 83 72 116 -81 71 -66
-213 482 1023 957 938 1462 1053 919 1445 115 -104 -493 345 828 256 -569 386 637 437 734 1620 -1215 -27 1131 -616 504 302
1 4
15 -11 39 -40
18 -21 40 -39
54 -47 10 -55
864 -752 160 -880
3 4
9 -20 -1 1 40 36 0 15 -35 5 -9 36
18 -37 4 10 23 -23 37 7 32 -2 30 -24
127 103 -123 110 60 -10 81 113 -13 46 123 23
1349 940 -336 1559 161 602 1604 745 1698 1149 -1017 1741
4 4
36 -11 13 0 -28 -21 -17 28 -35 -25 9 -24 7 -32 -15 -13
-40 -28 3 -7 35 -9 28 38 -5 38 33 -1 4 0 10 -38
-67 96 97 33 -8 2 -78 -41 20 -97 -63 -56 -28 9 -20 2
-138 7 -1181 -619 -1027 1459 1428 475 -1029 1441 1432 492 -784 941 701 264
5 4
5 -34 -30 -22 -11 -35 -23 -38 -36 -22 8 14 34 13 -37 -18 -21 25 26 -22
22 -27 5 -31 -21 -38 -31 5 -24 6 3 -13 -3 -15 29 2 11 -31 2 -20
0 113 -42 -61 68 -116 99 -53 3 -59 -49 1 2 20 -127 60 77 -25 64 -77
850 -694 909 -938 805 -538 795 -937 776 -1276 643 -463 394 802 -71 -962 90 -526 -961 113
9 4
-27 29 -19 19 24 -17 -31 35 -27 -27 12 -21 -35 17 -25 11 -7 -4 -24 27 26 -12 -18 -28 14 -22 -5 -9 -25 0 10 31 35 -7 -13 7
9 -1 -40 -3 38 15 17 13 22 -27 20 20 -12 35 -35 4 -18 24 -16 -12 -31 34 30 -14 -18 -24 -18 -40 -27 -24 -39 -33 -7 -25 28 -2
-122 118 -13 45 -81 -116 -122 82 -77 30 99 -93 -91 68 -49 103 39 112 -55 64 -1 82 -55 93 54 -13 71 -121 108 48 -68 116 60 -67 11 -90
-982 1208 -788 1500 -1493 970 47 227 1074 77 142 -416 -590 1182 -774 1431 -937 1146 -462 971 306 581 -59 118 108 265 218 -337 -171 534 -261 315 -1276 -135 -488 379
1 5
27 -15 -37 -27 11
1 31 23 -17 -10
9 90 -116 -53 -66
144 1440 -1856 -848 -1056
3 5
-19 8 -11 -27 -16 12 -39 -16 35 17 13 24 2 32 9
13 -6 12 -34 -17 -28 6 16 -39 -1 -34 19 29 -27 26
100 94 -61 -107 -85 -44 -49 96 96 -114 34 82 39 47 83
-43 36 902 792 -1133 1106 1153 -364 -857 -985 598 1063 405 330 312
4 5
31 29 22 -7 1 14 -30 -18 -9 22 21 33 28 -29 3 -6 29 0 21 4
30 -1 28 5 -17 3 -31 -27 18 15 18 17 33 -14 14 -12 -9 5 18 0
95 80 -79 -116 52 96 -117 -4 -109 -55 63 -128 -29 -115 20 74 -36 -26 41 34
1174 -968 -719 -1824 483 1507 -1748 -117 -1649 -749 1071 -1632 -562 -1834 383 1229 -858 -555 -933 363
5 5
3 14 -9 -16 19 -40 -11 -11 34 -11 16 -18 -35 19 -23 -23 19 26 5 38 -11 1 -37 -28 -20
-23 -25 -25 2 36 15 34 2 25 4 -14 9 -29 14 -15 16 -14 -26 -20 -18 31 7 -26 -25 -5
-55 46 -15 116 -113 7 14 121 42 -128 39 -115 59 -4 -117 -96 -40 -16 57 21 101 108 -112 -110 -92
299 663 -425 -28 -1450 31 -809 527 667 -1820 -241 -499 -87 183 -832 -395 433 687 1260 -1898 -170 -86 -482 -13 -714
9 5
32 32 -29 1 -13 35 14 1 26 -38 35 -27 31 -15 39 -2 -23 -23 13 34 -16 19 2 -19 13 7 -24 5 -12 17 14 23 -2 -9 15 -30 -9 12 -17 29 34 25 -39 37 3
-5 22 -39 0 14 -8 21 -27 -8 3 -13 29 -40 -39 7 -23 -20 -17 -1 11 25 -29 17 35 -30 5 8 -26 32 32 13 -31 -27 31 -19 -36 -20 0 -33 -15 -9 25 37 -13 40
-72 76 -52 61 66 17 -91 -116 39 34 105 -77 29 -128 -27 13 63 -113 8 57 -125 99 88 119 -122 -70 -92 -80 74 16 -76 63 94 -81 48 85 -93 40 -127 44 -119 -28 81 -82 33
52 -345 -439 -220 317 -1856 1451 1366 1419 -1509 -1809 -298 1163 -981 349 -810 -443 -884 540 482 -1 -746 358 -1203 235 -425 -71 94 -477 360 -408 -581 25 -606 320 -634 -559 588 -1224 568 -1069 -584 -758 750 429
1 6
30 -6 2 -2 -40 22
-17 -34 9 -4 -17 37
-84 -84 -6 10 73 -123
-1344 -1344 -96 160 1168 -1968
3 6
9 24 9 -4 -31 -34 -28 -26 -30 -11 -21 -40 -9 -15 -17 5 0 -31
-10 -38 8 5 -30 19 -15 -7 29 20 -14 14 -25 -15 14 16 34 -1
109 -3 79 59 2 73 85 -82 -123 41 -70 1 13 11 -59 91 104 5
1388 -842 -965 795 -591 352 1484 -90 728 1005 212 930 837 -87 -387 1191 791 411
4 6
-29 9 -7 -8 12 -38 25 28 27 1 9 -4 -20 2 35 -19 -10 -20 6 -25 6 -16 -9 12
34 -22 5 -33 16 36 5 -31 26 -37 23 22 -30 -20 -2 37 -16 28 -2 -12 -2 -24 28 16
-49 -85 55 -90 -118 -37 -63 -102 -83 -34 47 37 -86 -120 -88 23 67 -61 97 29 108 90 2 114
479 -409 562 808 312 1015 -436 -1120 310 -596 -662 204 -641 -1325 -751 -228 518 587 -705 -1345 -114 -716 -433 117
5 6
-20 -24 -29 11 29 9 3 11 9 -33 -40 -8 39 -5 -8 -39 -17 12 15 13 -20 -35 -35 0 28 14 22 20 -14 -11
25 -6 38 9 29 40 -4 -28 40 12 -32 3 32 -26 24 -21 10 -32 -8 -24 4 -22 -34 31 -26 -1 -7 -14 14 35
-101 18 49 -41 -19 27 112 -54 41 63 -31 -103 91 -106 -117 -106 -39 12 77 1 5 30 -84 127 74 -21 -10 -40 1 -107
982 -304 -97 -572 -112 -1276 1363 -392 -44 288 -1038 930 1145 -674 -634 -469 -931 1000 1255 -181 -79 243 -1174 1535 751 -780 -87 -277 -498 -447
9 6
26 -21 1 16 14 28 -34 -34 -16 -32 35 38 26 35 -4 16 25 -39 -20 21 -34 -30 33 36 -31 -16 -34 11 -26 -7 3 -25 1 -33 -13 -36 -25 25 9 13 -19 -38 32 -33 35 31 23 -38 16 0 39 0 32 -17
-34 23 -3 11 -34 16 -28 24 25 27 32 -7 -12 6 -30 -22 10 -23 -30 23 5 4 19 39 20 -3 6 -21 -30 -10 -20 -5 4 -34 -22 -12 -5 31 12 -23 22 7 -32 29 29 39 -38 -37 -27 15 -7 -38 12 -5
-108 -61 -69 68 42 -90 -123 27 -105 -20 -30 30 -6 102 -126 85 -50 -47 61 -127 -6 87 -52 -25 -10 -14 -109 87 -7 67 -56 -17 -94 -95 69 23 55 -35 -30 -17 98 107 30 121 58 125 -110 35 8 -45 9 -13 58 122
117 -906 -781 820 -218 242 485 -1181 -228 615 -11 531 -603 758 -862 540 -507 533 599 -1193 -237 691 9 512 -777 105 -799 964 -39 -482 -456 20 -1468 -99 423 529 427 1873 862 1949 -1702 538 -859 873 -766 664 -841 564 -1028 184 -1220 -95 -48 754
1 7
-16 17 -27 -21 2 -19 -11
-15 13 -35 -4 -35 -23 7
-41 79 16 126 -77 23 92
-656 1264 256 2016 -1232 368 1472
3 7
24 13 -15 18 26 -8 22 -40 32 -35 -33 -30 6 -18 -29 0 -25 9 36 -23 -40
-25 -17 -18 18 29 -17 -22 -5 1 -23 -40 -40 7 29 -12 15 -4 10 -17 25 -13
-104 104 41 -64 103 70 22 -50 -53 81 34 127 6 -93 4 -1 45 -103 -123 -86 102
-1256 1044 752 -920 1087 560 323 -712 -736 1227 291 1591 -56 -1131 -1657 1657 656 -1026 1634 1110 356
4 7
1 -14 -33 -27 -16 23 30 34 10 21 -31 6 27 -32 -9 -6 -15 17 22 -22 6 -5 31 34 12 -35 -4 34
-26 -5 -28 16 21 -9 27 36 -14 -6 -31 -7 -29 -2 -15 2 -36 -1 28 -29 -1 -7 21 0 -39 20 25 -30
-123 12 110 -127 -97 -77 98 88 42 -11 74 -2 85 11 -2 117 13 -91 102 -90 -117 52 89 -63 -65 -83 9 -60
-223 740 534 -774 -619 -221 310 869 1373 -950 -890 -1238 224 -884 -850 1095 878 -1645 159 -1270 -291 -475 583 747 -873 -851 -276 636
5 7
-26 -4 18 -32 29 23 10 19 21 32 26 -36 10 -22 -27 35 -1 -14 26 -26 -11 6 15 16 -28 23 23 -26 31 15 -25 14 -9 -33 22
-12 34 32 33 -15 21 -27 2 17 -30 -40 -38 13 36 0 -2 30 39 -35 -2 -24 1 -2 36 -4 -21 -21 -36 32 -6 15 22 -32 0 -23
33 101 -6 8 -64 -71 59 -97 124 -113 34 -14 -108 7 -117 -69 -36 -85 110 -102 -94 -32 125 109 54 9 -107 125 -89 12 -122 -87 20 82 41
-953 1813 -842 439 -277 -1559 563 -790 346 -515 -671 337 -914 17 -230 1680 418 386 -341 -1416 1178 -180 1563 292 238 -372 -1207 1150 -1477 1322 -1642 -75 37 -914 225
9 7
-16 23 2 33 25 33 31 -13 -7 22 -16 4 33 -11 0 -40 -10 -2 29 -5 6 -3 31 0 26 22 -6 9 3 37 -34 -38 37 30 18 0 17 -8 -16 -10 29 -4 21 -28 -24 11 15 -10 -18 29 16 -19 13 -2 25 -35 -10 -27 -35 17 0 0 11
-35 3 40 10 10 -23 0 -29 -14 -1 14 7 -21 -16 -14 16 -8 38 -39 -4 -32 22 -31 28 10 -25 -4 -27 -33 18 -28 8 24 -30 38 -39 5 35 11 19 40 11 -10 34 -24 -21 1 20 40 -1 -16 32 -35 -32 -21 20 -36 -40 -23 7 36 2 36
-91 -124 -58 -40 27 -76 53 -90 18 -78 7 -101 -118 -74 25 76 88 -113 -73 -115 -100 99 19 25 1 -35 -12 22 103 15 -32 -97 41 27 -27 -94 110 -83 41 77 -101 71 124 32 33 -60 51 63 36 -125 -52 103 -51 -75 96 -40 27 -42 95 -78 76 -88 -33
-624 1210 -766 70 1102 -1095 760 -1226 1290 -967 387 925 -1337 892 377 -598 1331 -1178 1074 -1339 -510 757 217 -366 -1082 529 -203 -119 1944 499 495 -973 815 958 537 1024 647 309 -746 562 248 370 447 28 445 -583 -188 -993 -406 595 998 1087 -1365 -945 -1426 -1106 488 -464 1144 -1208 962 -1191 -531
1 8
34 23 -5 6 -32 -4 22 -15
-40 31 11 -29 -31 -31 33 19
19 127 -73 -33 47 86 52 105
304 2032 -1168 -528 752 1376 832 1680
3 8
17 19 -33 -17 2 -23 -36 36 -28 -37 -9 -29 -3 -12 -38 -14 -32 -13 -9 -17 33 26 16 39
-28 33 -32 26 39 23 20 40 -4 12 -36 34 -21 27 -16 39 17 -24 18 23 -17 -19 -15 -3
2 -71 53 -73 -111 40 96 22 -114 21 0 -90 21 47 -39 -110 110 48 -21 76 -7 67 119 -111
-1382 78 145 -1315 -63 740 -156 -1373 1419 705 -291 950 -92 1038 1674 -1748 6 -1115 836 -1171 -1746 641 1506 322
4 8
-25 31 -7 6 -13 -37 -6 36 26 30 -36 36 24 22 24 -2 12 -29 38 -14 6 -11 10 32 -23 -17 -21 -17 -29 -30 -34 19
-25 -32 -5 -35 -33 -33 20 -16 20 -32 -9 25 -20 21 -18 20 19 27 -8 1 40 2 -3 -17 -7 10 -18 -30 -26 39 39 33
104 94 -14 125 104 80 38 74 -126 -75 109 -108 -57 60 127 -101 93 -125 -5 -61 -61 -71 -28 69 14 -62 -108 114 87 91 53 -56
847 49 -653 1412 1147 1108 701 190 1267 -1896 -133 -799 -800 -870 -262 858 140 2 132 640 678 1143 1103 -172 1428 1307 -129 1776 1506 1261 693 990
5 8
9 20 -15 31 28 -13 25 -12 14 7 25 -11 33 -32 -25 -13 -25 -35 -33 3 31 22 25 0 -20 -21 -24 23 -23 -34 24 -29 -19 -1 -2 -27 31 14 -32 32
33 -13 30 -32 -38 39 1 -38 -10 -19 24 14 23 -29 39 7 34 8 20 37 35 16 -2 -28 21 -10 22 24 7 -39 -33 -31 -34 -40 17 -39 -15 19 14 -5
-99 -38 82 -19 -94 15 -6 -124 124 63 -79 114 105 127 -60 -2 3 73 103 35 -81 94 -102 -103 111 38 80 21 -30 0 -77 121 5 29 13 -117 -57 -96 60 -55
583 1094 987 819 -592 1517 -1456 -1058 1587 671 1239 396 -504 213 -1255 1487 597 632 -139 -763 -215 -442 335 -672 1626 806 -254 906 647 981 -819 410 227 511 240 -1405 -757 -1070 614 -779
9 8
20 -7 34 32 -34 34 -4 -35 5 -39 3 -10 -38 26 16 -37 24 2 37 33 -30 -19 -9 34 -2 -19 28 6 -28 -21 17 12 27 -21 -37 -8 -5 2 -25 7 -24 -12 10 -7 17 -2 -32 -38 4 0 27 17 -9 -2 -11 7 15 30 2 12 14 27 -16 -26 5 21 -26 16 -31 -18 7 35
-3 -24 12 -3 -23 -35 -5 -4 9 13 -26 -37 -5 -40 18 -1 33 19 9 -9 -28 -2 -20 -38 40 31 -32 -5 -3 2 37 -32 12 -12 -29 -14 -31 29 -18 17 13 -17 -4 32 20 9 -28 -20 -8 -14 -28 6 -18 -12 30 28 -25 -1 -26 20 -3 -33 20 -2 13 -40 -25 28 31 19 13 -37
-78 21 64 80 -45 -79 51 -107 74 45 -46 -127 53 -18 -64 111 58 -40 34 -98 -71 14 -75 -98 -116 -90 -128 111 -54 -41 97 -60 58 48 77 107 -126 65 -79 72 26 70 -78 66 -94 42 19 25 -54 104 -124 -86 -24 -93 -6 2 43 82 -77 -5 102 -114 -33 88 -43 -78 127 -24 125 58 90 -33
585 -411 382 -861 -887 322 -621 -1101 -153 -471 998 58 64 422 281 -479 -514 434 327 417 -760 -789 162 -1016 -805 638 177 465 -428 -1192 373 -911 515 491 695 984 -1235 651 -655 659 54 183 86 281 -354 395 382 -256 -12 365 50 266 -816 -225 -36 -586 -137 -462 -430 174 -808 165 202 -741 -234 1179 -1290 -693 -114 -1077 -287 456
1 9
-12 -35 14 -11 -18 -36 -32 10 -38
38 7 -4 32 -5 24 -4 -33 -3
20 -59 8 -69 33 21 -25 1 -40
320 -944 128 -1104 528 336 -400 16 -640
3 9
11 31 28 0 34 -9 -30 23 -22 -28 40 -20 36 -13 1 -23 7 -16 -27 -29 25 -39 -15 32 8 28 17
34 11 38 32 -15 -33 30 -40 31 -13 -29 -17 17 15 -23 10 -3 2 19 2 -6 -29 36 21 -4 -19 -8
118 72 -106 34 74 -124 -9 88 85 71 -45 -108 -23 45 41 2 -74 30 51 50 98 -2 -45 -16 -48 47 -97
908 749 1169 -7 -511 -334 -683 702 -1241 1230 -214 -1336 -169 632 87 -92 -503 396 935 369 533 -114 -256 -35 -521 208 -891
4 9
1 6 39 -30 -35 -39 -24 -3 40 37 6 -5 12 -18 38 36 -1 -34 17 34 33 -7 -37 -32 0 -14 36 19 34 -27 -20 28 0 9 -26 -38
-39 -9 27 -15 6 2 -7 38 -33 24 39 -21 16 19 -17 -18 35 29 4 9 -3 12 -36 -7 5 -21 13 25 -20 24 21 -32 -33 -30 -17 15
-89 46 -77 -26 -101 -78 49 -117 -6 -100 -14 27 -90 50 66 -69 12 90 9 87 32 -11 -61 54 78 10 6 -128 109 -8 -96 -41 -23 115 -103 -46
-1949 1706 -101 -1473 -659 -307 1782 -1556 -677 -312 1221 277 -396 -881 570 1057 -178 121 -1528 1567 43 -1222 -658 -20 1561 -1148 -441 -1282 188 266 -1114 217 764 -452 -53 1013
5 9
10 -24 24 -21 -24 -19 39 -37 -39 21 4 37 22 2 -17 32 -11 20 -40 -7 -34 9 -35 0 32 5 -25 40 -8 35 -31 -11 26 -22 -29 -12 -13 -40 -4 -33 -35 0 -13 -24 -13
9 -10 20 18 -18 12 21 3 -8 -29 -23 -14 -22 -6 17 0 -33 -7 31 -32 -10 37 40 -7 24 2 6 -31 25 9 -17 -27 5 0 -13 -37 18 -34 -38 21 5 16 -4 29 -23
19 30 -92 -53 -31 50 126 -57 -110 23 91 -2 50 -6 91 14 -29 -120 -21 15 67 17 68 95 73 -2 20 65 81 -45 6 -21 -90 14 -55 -5 119 -46 35 24 -114 19 -10 70 10
655 1097 -672 54 -288 -47 685 -744 -963 -97 331 195 -102 526 1248 1435 -332 -393 949 980 -392 259 -498 -308 278 -476 -601 580 1021 -619 74 -310 359 766 -661 -1202 471 1388 -125 685 -155 1079 243 -496 -1661
9 9
10 -30 -38 -10 -36 14 14 3 -21 -27 -40 -39 -18 -4 -18 20 -3 2 40 -22 6 23 -31 35 35 -39 -6 -31 -32 -16 -24 -33 8 24 -25 19 -19 0 -34 -16 40 40 0 -8 -7 31 7 28 38 3 3 23 -9 -17 16 -36 38 -36 32 -10 19 28 8 12 20 -21 12 19 30 30 -24 35 1 38 -3 24 28 -40 -21 19 -1
-11 3 -16 16 4 -20 -22 -18 -2 -20 -15 -16 31 24 -3 -39 32 -18 39 -7 -27 -27 -7 36 31 21 -8 11 -23 40 25 -1 19 -18 37 -12 20 15 23 -35 31 -27 30 30 -33 4 20 13 3 27 16 -8 35 14 -31 -23 40 -6 22 -35 -38 33 -15 -7 -31 22 3 -35 8 -16 -30 1 13 23 -14 -28 -40 -23 22 26 -26
-36 -47 76 -117 -54 -91 122 111 100 101 57 -76 -8 74 -108 -112 -34 118 52 -16 34 -42 -49 54 76 92 -52 44 -80 60 33 52 -51 -5 99 -4 -20 14 119 42 -83 105 -101 -78 -4 -91 -70 -118 -86 -20 27 -23 -86 -106 -67 -108 -62 94 13 90 110 14 44 58 -67 -61 -2 -9 67 -128 9 65 -63 -13 70 12 -42 -94 44 -122 44
459 -278 597 -468 -718 365 960 718 -418 85 -406 270 -287 -367 -258 333 119 655 843 -638 -93 -357 -461 875 -237 863 22 767 -941 -665 -119 -244 843 -1485 191 861 528 -144 -200 -632 -222 35 153 433 -90 286 -802 777 249 64 -42 -377 560 -32 -412 -206 1267 754 -947 1500 -895 -841 37 315 -446 118 -821 -677 632 851 871 -793 -55 -399 -557 69 166 -126 -125 -266 777
1 10
30 -40 -19 -13 33 -31 -40 39 20 -5
-13 -12 0 -30 40 -14 13 -6 -4 -12
44 -127 68 98 57 -35 35 87 -87 29
704 -2032 1088 1568 912 -560 560 1392 -1392 464
3 10
28 26 40 -22 5 -19 3 -6 13 -15 -21 28 34 -1 9 35 -26 -2 -34 6 -17 -21 -10 -2 31 30 -25 -26 12 -26
17 10 11 14 -32 12 20 -9 28 -8 -39 -23 0 -12 7 17 -18 -39 26 -22 17 -17 19 4 37 21 -8 -39 14 36
-55 -9 113 83 59 72 74 -77 71 -35 -65 53 -102 -120 -46 37 -56 -31 -89 15 39 92 96 8 62 8 66 70 -45 -116
-483 352 1525 806 855 841 1023 -551 479 -861 3 1182 521 -472 428 333 429 469 -849 -1106 -930 887 -1419 -1781 -620 562 -765 -391 -1374 101
4 10
-13 -14 -14 21 -33 -33 -25 -5 -3 -19 15 30 4 -40 -2 15 -11 39 22 17 29 9 -40 -21 25 -32 -21 9 19 10 32 -4 -36 -28 7 -28 -34 23 36 -40
38 29 34 12 21 -13 20 4 16 13 10 -12 12 -40 -20 -13 6 -5 -1 14 34 11 21 -12 -35 38 17 34 -30 -31 -27 36 -8 21 -32 -14 -26 26 -15 -29
26 32 123 -73 -30 31 -109 17 -7 5 1 63 36 70 -120 54 -102 82 93 -102 33 63 96 65 101 76 -43 7 29 -34 -127 -28 55 -33 68 79 18 37 -35 76
-1980 -414 880 -493 1038 1255 247 600 -519 1157 266 816 1411 454 383 977 -1076 415 481 -524 56 610 1366 -266 -839 703 -1514 673 430 -442 -996 176 972 13 226 1085 -501 695 123 181
5 10
4 8 1 27 19 21 -8 32 5 -25 31 -20 -16 32 32 34 29 36 17 -38 -23 4 -5 -5 -17 -33 -12 -11 -31 -6 -33 -2 25 23 12 13 -30 34 -27 8 4 36 28 29 -11 8 -13 -8 26 6
24 28 -15 2 -5 26 -20 10 39 32 6 2 -17 -17 -16 -30 33 29 30 34 -10 29 16 13 -36 7 -23 -8 12 14 35 1 34 -5 -3 19 -1 16 16 23 -37 36 -31 -37 12 -11 8 -36 21 19
59 68 113 -22 74 83 -40 66 29 -80 38 20 -80 -41 -103 116 37 28 41 -28 123 -73 28 42 -27 -51 -98 58 -43 119 124 -24 121 59 -72 104 81 -85 -70 -114 2 -121 -43 93 -122 -109 -22 102 -13 -84
1416 223 1532 236 34 1143 -55 195 -232 -1007 1484 174 1522 336 -434 1557 561 -344 -395 -1470 697 -1470 -345 1037 -1428 -1098 -630 1283 -284 -280 1837 -753 909 641 -513 42 -699 350 -671 586 1659 -470 948 421 -91 32 -989 730 -404 596
9 10
-23 25 36 -40 6 0 -21 14 -4 -16 15 -6 29 -34 30 14 32 6 16 7 17 24 -11 19 6 -20 -37 -31 -20 27 16 40 -18 -31 -35 0 -37 -3 15 -31 33 -22 -16 -31 11 -35 34 21 -38 -20 -4 16 -2 35 34 34 11 6 -1 10 3 -22 -5 -4 -16 -38 10 39 35 32 -32 -26 21 35 -12 -16 28 -35 22 40 37 10 26 -35 23 29 26 6 -11 5
16 27 23 -5 -19 10 22 -6 -18 -22 -35 22 21 28 29 -10 -8 2 -20 -7 -1 1 36 -1 -21 -38 15 34 27 26 -5 -8 0 -9 27 -5 -30 -35 -7 -10 -7 -34 10 13 39 -29 0 2 26 28 -39 -5 34 -28 -4 -11 -7 -18 -13 32 4 -20 29 4 16 -35 23 -1 14 34 -15 37 -1 -18 36 4 -40 13 9 -15 20 -20 -33 -1 -35 10 -19 -18 37 0
80 120 81 80 76 -76 37 26 -37 -48 -102 13 -57 -33 28 65 -17 104 91 9 113 65 -123 4 -59 -107 43 -51 -23 96 33 38 -58 29 -87 12 32 80 -33 -43 -78 -123 -20 -118 46 103 -118 -15 -63 31 -19 91 7 29 91 7 -1 -108 123 -37 -34 40 -99 -15 -88 -92 12 -86 -107 68 35 92 2 -20 -29 73 -1 50 -95 71 93 -97 -2 -11 -79 116 -67 113 44 -117
287 1357 -53 -79 29 731 18 255 -489 596 -89 434 -943 -288 -439 -616 -97 -788 -891 687 74 479 -617 13 -576 524 33 852 -156 -217 1048 96 78 -85 -699 1224 -429 1224 -366 -468 382 850 -458 187 -196 -875 176 -350 -871 297 -933 294 -621 -490 219 874 -310 1098 441 287 1311 727 -1767 -128 -846 -1368 406 -799 -537 1365 -498 42 -1031 -577 -389 -379 -376 -998 -880 714 899 1564 622 831 671 -900 422 153 -600 -334
1 11
24 -21 14 37 -22 -23 14 -4 -28 -28 32
-19 -10 -16 -28 -23 -5 -8 -25 2 21 -20
-41 27 106 -7 17 121 -74 -56 -72 -127 60
-656 432 1696 -112 272 1936 -1184 -896 -1152 -2032 960
3 11
-17 -33 15 23 -8 -7 38 14 10 -34 -12 4 -13 19 5 6 28 6 2 -32 17 -11 -34 9 2 36 -22 35 1 -3 33 8 1
3 19 22 27 -29 35 -36 28 -12 -33 -22 -19 -14 -23 11 -12 -18 3 30 1 21 31 -20 -19 -1 38 -2 -16 23 28 -14 -33 37
7 -31 -93 59 54 -7 116 -74 -123 -36 126 76 -6 -107 29 37 -40 90 -107 -1 66 106 -66 -19 -32 -32 -94 89 21 124 39 -82 -126
-988 -304 -555 -461 -1413 1352 389 1846 554 -1252 -1859 53 -433 -1374 700 515 49 1610 -798 -1434 -527 1435 110 -420 -1396 702 536 9 1614 -861 -1395 -455 1476
4 11
-27 25 40 5 28 -21 -39 13 38 10 -6 -25 25 -38 30 18 -5 -9 -38 -32 -8 22 19 -39 -15 -13 35 1 -9 21 11 -12 -11 8 25 -38 37 21 13 -23 -27 0 -1 -40
21 -36 -20 12 7 -5 39 -2 8 -10 -23 20 -39 21 15 35 24 -2 -38 -20 3 -4 12 9 3 -18 -33 4 10 2 -11 17 10 21 6 -31 20 -7 40 -14 -1 -24 19 37
90 56 58 -7 27 -89 115 -22 -118 -17 37 82 27 8 3 -106 -33 91 87 63 -23 88 35 94 -82 -28 -24 -82 -122 -74 118 93 -68 83 40 -120 38 4 -86 54 49 -2 103 31
1089 806 -411 -75 -1033 -886 386 445 1024 353 522 1319 634 -1707 540 -88 -1302 894 802 59 1452 558 1390 746 593 -47 -262 -1135 1668 224 -894 -247 838 1334 621 -691 273 -491 -1087 1215 775 22 600 816
5 11
33 33 -6 -11 -6 -29 38 6 0 0 32 -33 26 -35 -27 -1 35 40 15 -38 25 3 -38 -38 4 35 3 -40 -22 -17 39 22 -10 5 -20 -2 37 22 -31 0 6 24 -28 -4 -37 11 1 -33 7 2 22 24 -3 15 5
-21 9 0 30 -1 8 -2 -22 -35 10 -15 24 -20 2 -4 31 -35 -7 -36 -10 -11 2 -14 8 -21 -35 2 -37 34 -2 30 17 17 -18 3 10 -25 -40 40 30 18 -21 -30 -17 8 -29 -15 -17 29 -32 -8 -35 6 -22 22
49 -106 13 103 -72 -8 29 -87 -39 29 -123 -107 45 69 84 -87 -37 -74 -103 83 -97 -36 91 54 -83 78 74 77 -48 -109 126 -72 -98 -19 -1 43 100 98 1 -46 68 -122 29 1 113 -13 -82 -87 -113 70 -72 -119 114 -28 99
1315 797 -1197 1153 956 1133 -796 -1711 1924 -1116 -1384 -126 -46 525 1577 1394 90 -673 761 -1610 354 -197 736 65 -535 132 -1066 570 -910 -1751 1464 -759 53 241 204 -228 -39 -1498 353 -1118 -1771 1559 -933 455 905 545 -684 1341 1229 834 -741 -882 767 -631 -1068
9 11
23 -23 -1 27 -11 24 14 35 33 24 -24 6 25 12 27 30 5 -39 13 33 -28 -10 -24 -11 -21 -4 -28 1 20 34 4 40 13 -32 -38 9 -19 -22 24 -26 6 22 39 16 38 26 24 38 32 21 -15 -37 -2 -25 26 35 -34 15 37 29 -7 6 -12 -32 2 29 32 15 38 -40 -22 2 -11 22 -14 -25 14 32 8 -19 -1 -15 34 40 -20 0 -26 24 23 -13 -21 0 8 -30 -5 0 -18 -16 37
-31 -22 1 9 -32 -4 40 -7 -10 7 -13 -18 28 32 0 -19 -29 14 10 -29 22 -23 -37 30 -2 23 -19 -24 26 17 -22 31 22 21 18 28 33 12 2 6 11 -35 -16 26 -40 29 -19 -40 16 -28 26 3 -8 -27 38 -17 -24 -40 -40 2 27 37 31 -39 36 -36 -36 21 -27 1 -31 -5 26 15 -23 13 -13 19 -18 3 -32 40 -13 -15 13 3 -11 19 32 5 14 -14 33 16 34 2 6 5 27
60 -111 125 101 114 -94 -34 89 -98 121 27 115 -6 -91 -87 59 68 31 44 110 95 55 -5 -49 -43 23 -74 7 19 117 -122 109 10 119 -94 52 -66 31 -46 -92 -59 -74 -117 -70 121 -72 96 24 58 -16 -110 100 -126 -89 80 116 50 -4 -128 -17 -45 -8 37 -52 -100 -117 -84 -43 -127 -69 -8 1 96 -30 56 -79 40 -11 51 -68 -24 -83 114 -58 111 -33 85 -118 55 10 111 -108 -6 47 -46 -93 35 71 125
1341 92 362 -1209 115 -527 -211 446 -673 -449 -754 982 -423 119 -807 -248 432 -1130 187 -739 -247 -1017 794 -9 -425 -1079 -297 -421 230 747 -800 -523 -760 1158 -87 225 -767 166 -567 -168 872 -889 -170 -848 1762 -1286 913 -1121 406 -535 -1380 -967 -978 -1489 -773 1642 -1155 835 -1085 316 -398 -1329 -829 -925 -1267 -749 1085 -332 198 -882 -55 516 -935 194 -409 55 -348 1029 -222 1441 -1303 105 346 -800 -911 9 502 1292 900 -290 252 -371 -209 585 -1176 961 -1011 -50 -435
1 12
18 -2 -20 -26 30 -22 5 -7 34 -9 11 32
40 -5 -18 26 -4 5 -34 14 5 -11 -4 9
116 -116 -107 -91 60 44 -81 77 91 88 5 95
1856 -1856 -1712 -1456 960 704 -1296 1232 1456 1408 80 1520
3 12
-8 10 -39 -9 -29 35 -1 17 7 -10 18 -9 4 28 -8 -25 0 13 -6 16 -26 -38 34 19 -31 -34 38 -13 19 -2 33 -4 15 8 -18 -32
-22 29 -21 4 -32 -18 20 26 -22 29 -9 -5 -9 16 -21 35 5 -16 -12 -34 14 -27 12 -4 3 -13 -4 -18 27 -12 14 -22 -36 -21 -28 -3
-108 92 -105 33 -50 -50 -104 95 127 -67 105 51 -30 -85 -51 111 -98 57 39 33 24 -56 26 40 33 96 91 -24 -89 40 37 85 -42 -103 58 -118
-1462 963 -1467 735 -949 -465 -1211 1338 1686 -1050 1438 735 -415 617 -125 542 -1294 322 -27 1145 411 -1253 978 -347 357 1456 1196 -269 -1387 555 448 1348 -471 -1591 962 -1649
4 12
0 -3 -19 -36 -16 34 -34 -22 -40 -7 -22 30 -37 13 19 -29 18 11 25 30 10 -13 -16 -26 -12 26 4 -30 33 -28 9 -16 -36 26 14 -32 -28 10 -38 -21 -22 11 25 25 17 22 37 -40
-10 -34 -14 34 -40 28 -6 -7 -18 17 -26 -3 7 -16 11 -15 -34 22 -14 -15 34 -32 -15 20 10 4 -20 -5 -9 -5 -36 9 -27 10 31 29 9 -31 -14 -22 26 -15 -38 -18 33 -21 -19 16
121 98 -6 59 116 -87 -28 -83 26 40 -66 -19 -26 36 -6 2 -42 -60 1 106 86 66 103 -36 -91 -30 101 -3 56 -62 22 -58 -64 84 93 113 -78 -85 -31 83 37 83 16 -19 26 -19 108 -18
-431 122 569 354 687 -794 82 -300 50 921 996 510 -454 58 -162 518 27 -312 50 687 906 608 1383 -383 -1351 -532 1323 135 875 -729 321 -852 -813 1134 1459 1505 160 511 665 431 1195 -1124 -37 -883 -153 971 359 623
5 12
-3 33 9 -25 2 28 30 21 39 -28 29 -14 -9 37 -36 -1 -17 -34 -17 -6 6 13 -16 4 -3 36 31 38 -29 -35 -32 29 -24 -3 12 -19 27 34 11 -19 2 -2 17 -3 21 8 14 37 -2 29 26 -4 -39 -37 22 -12 -33 -8 3 -30
22 36 -12 -26 -18 -21 -15 31 -16 -21 9 -20 14 8 -2 3 -4 -8 -23 4 -39 -4 2 -8 -24 23 -39 15 -26 16 13 -9 -21 -2 -16 3 -35 -14 30 -17 10 29 -31 34 21 3 27 -39 -14 -12 -20 -17 25 -4 -15 -13 23 -9 -29 27
83 -115 -86 -25 115 -50 -66 -38 88 -26 -119 -63 119 30 10 116 -77 -52 -82 -110 -5 91 -26 -78 2 -43 64 99 -25 63 -89 49 67 37 -99 125 53 -38 1 -90 -23 -12 -28 -98 -79 62 -61 -3 31 83 83 72 66 51 84 108 -71 -111 -56 90
926 -819 -218 -1170 55 -282 -562 -1327 -726 699 -1155 -189 678 -797 134 833 515 209 -970 213 862 20 -1542 631 1445 -1121 -849 204 851 -753 -1102 -952 862 183 -1442 -985 1026 -631 -262 354 1140 -188 -408 47 473 -538 -1449 -75 1307 -1329 -887 161 1099 -638 -1128 -684 1107 2 -1614 -772
9 12
29 -30 -7 -5 39 -9 37 34 39 20 6 34 19 9 30 7 17 -12 -10 28 3 29 -13 17 33 -35 -35 -14 -3 -8 -34 -35 -15 -37 -40 21 37 -7 2 -26 10 35 23 -24 -7 -33 -36 -11 -14 -7 -1 -22 8 -16 10 29 13 -39 -14 14 -1 -31 -36 -24 0 -23 -18 -33 34 2 -15 20 -32 17 30 -16 -28 37 -17 -18 19 32 -12 31 -26 31 4 -23 7 1 35 15 24 -18 -38 -3 2 -40 -34 34 -29 -25 -14 -18 -34 33 -16 19
37 -6 36 -14 -1 -4 26 -8 7 -35 9 22 -10 -25 9 32 8 -16 -9 20 24 -17 -8 33 -40 -29 22 1 18 37 18 40 32 -10 24 6 -34 29 -24 -31 -25 -2 11 34 38 12 -35 -8 -33 24 11 38 22 -37 -25 -28 8 -39 -29 15 -36 -20 -27 -2 39 -11 -19 35 37 11 1 -7 30 -19 -35 5 12 -22 -4 -33 -29 15 32 31 4 9 16 -21 23 32 -25 38 -22 -40 -25 -13 -4 -38 -6 -12 23 -32 24 -3 -29 23 7 4
-20 3 3 -22 -128 -65 -126 122 -60 -53 -16 12 47 -71 60 26 30 124 0 -74 -101 -29 124 94 89 -49 90 -64 79 124 -99 48 70 -59 -23 -119 -100 -54 73 79 -7 -50 -28 -10 82 29 44 6 -118 19 -127 -60 -95 -56 -103 1 18 -64 109 79 -97 -96 -82 -114 24 108 -92 -17 -84 -95 -110 -60 -45 -7 -33 -122 -85 -108 -117 -53 34 121 -94 -22 -114 17 -28 52 -96 64 -69 34 -55 -89 -27 46 48 -80 -23 89 19 18 29 -49 -42 -14 93 47
130 -1027 150 -671 393 1283 -1076 -5 -418 -815 -193 -527 -352 -694 32 -21 -297 828 -837 -144 -742 -688 481 457 -842 -92 -643 -1425 -1318 -1245 -1687 -528 253 1077 -768 35 -1055 135 -196 232 -1742 -3 -1534 1191 -882 -1098 -322 454 -688 -605 192 -24 -262 726 -1043 153 -186 -751 146 29 -868 -702 -581 -1102 -517 -161 -1300 -542 -217 223 -610 -121 -868 -785 1014 583 95 -59 -775 59 1026 0 469 -252 -1544 -823 1060 1144 -143 -687 -514 -120 1204 351 655 88 -523 -272 -494 -1491 -1122 -1406 -1552 -837 354 1604 -1059 -177
1 13
-6 23 -17 -5 -11 -32 -16 -39 -26 23 -23 4 -23
35 -26 28 28 -37 -33 -20 35 -18 -3 40 26 7
31 8 124 -30 103 49 100 11 -32 -42 96 -1 82
496 128 1984 -480 1648 784 1600 176 -512 -672 1536 -16 1312
3 13
25 -26 -19 -6 -1 31 5 -7 -39 12 7 -8 -18 8 40 25 32 37 24 33 37 -32 33 7 13 30 25 -26 3 39 11 -12 -38 -22 -9 -28 27 31 -16
-8 12 6 -25 19 1 8 40 24 34 40 10 38 30 -36 -39 27 -26 -13 -18 -4 20 -11 -13 -17 0 31 -23 36 -32 -21 -12 14 -38 -15 -26 17 15 -23
-24 67 -43 -111 123 97 -67 4 -44 35 50 76 55 -17 13 -108 38 51 -102 -111 -116 -19 52 6 -115 58 71 -31 49 -92 -58 69 -15 47 -9 50 18 34 -125
630 -228 -93 -773 -283 186 -775 -143 -208 806 232 -250 -955 -383 1071 -687 -1775 1967 1551 -1071 64 -703 560 799 1215 879 464 -159 -411 -484 -95 -194 -970 -487 -220 814 197 -587 -605
4 13
-21 39 -30 -27 -33 13 19 -3 40 21 8 -11 -16 -27 -39 12 8 -3 -1 27 -3 12 27 -21 -11 -40 23 12 24 -21 -19 -10 -30 12 1 10 9 28 -23 -3 1 6 -26 -28 0 -31 15 13 -18 -18 29 -35
-18 2 7 -1 -28 30 -17 3 -40 -7 4 6 -33 0 -25 -26 -1 8 2 -28 -39 21 10 24 4 21 21 25 -40 12 -35 -3 -17 24 -7 36 36 16 -38 16 -37 17 16 -29 6 1 -34 1 2 -4 40 15
-12 114 -106 -55 -115 -28 -67 -92 -127 111 -6 -39 -71 -39 75 54 44 -9 -70 89 30 -64 -31 -45 103 55 -35 96 113 39 -102 -68 -8 31 -113 104 -111 66 4 -36 -75 -41 13 -79 -97 124 111 1 -117 58 38 38
-552 1527 1685 586 -1596 -1073 -105 447 -1788 1600 -1697 1027 56 -426 425 -738 -148 -1430 -1039 549 273 -1034 -17 160 242 -106 -512 1382 1156 394 -1615 -1034 -89 319 -1702 1408 -1351 807 -49 -341 1465 -529 -315 -1702 -744 -487 -576 -1771 1389 -513 15 -597
5 13
39 -36 29 -38 -13 10 -23 -14 -18 -13 20 40 21 11 -18 39 26 -7 -40 16 -8 -32 -30 26 13 9 -25 -26 -3 -37 -10 -21 29 14 5 -37 -28 9 32 -20 -37 39 -16 -5 6 1 -15 28 -4 -9 23 31 -35 16 -40 3 -35 28 6 -30 2 -12 7 13 13
-7 14 -9 -31 39 -14 12 -2 -10 -40 -6 6 -40 -10 -17 -6 -16 -25 -31 -32 12 5 -5 -15 -12 23 -38 -23 -3 32 -40 -29 -16 1 23 -2 29 -11 -10 40 36 35 36 22 -17 -2 -26 -17 6 15 -2 -29 -26 33 -37 32 -17 -15 -32 -4 -10 -28 -6 -7 -12
-9 20 63 -82 119 -71 19 -83 -44 -24 -37 1 60 20 57 -15 -63 120 111 -6 19 57 -60 -50 87 -103 64 -1 53 -65 -97 -115 -125 -102 2 42 59 -117 73 3 -119 -125 23 0 -9 -2 -35 -4 28 -43 -29 -90 -85 101 -11 67 -122 76 84 75 -94 50 13 60 -122
237 309 -386 -783 1434 987 -100 -91 520 -579 -692 793 -1233 176 -1447 -1427 91 -168 -360 -301 -695 -63 432 -429 -600 -998 222 758 71 -1049 1746 1006 -57 -109 498 -755 -681 971 -983 548 550 163 -1007 660 407 -752 -424 542 -350 -172 187 -586 -930 1324 -4 665 -1760 718 769 703 -1196 727 293 509 -1420
9 13
-8 -3 29 27 33 21 28 -14 -34 -38 -40 -4 -37 -1 6 -34 35 32 24 -15 -37 -22 28 8 1 -15 -9 17 15 12 25 -17 1 -29 -17 -15 -20 -3 35 23 15 -33 5 -40 -17 -40 16 -6 -35 -3 7 15 35 16 -26 -17 5 -32 -7 -34 -13 17 1 -17 -2 -34 -30 12 -4 -11 0 4 -32 -13 12 -28 -25 40 -40 13 28 11 -16 4 -17 40 -6 12 -14 -31 -20 -40 -13 16 -6 39 7 -21 -36 1 9 39 -36 23 -13 -8 -20 26 34 -12 -18 -8 -6 7 -31 -19 14
-1 -6 -30 6 -12 -17 5 -14 23 27 -23 -20 -17 -18 11 33 -7 -29 -37 3 -39 -36 -12 5 -30 13 14 -3 -33 -31 31 35 -20 19 -15 25 -18 32 28 -6 -9 1 6 26 -3 -20 -24 -20 -29 -13 -24 -35 14 16 36 11 31 14 35 -40 -13 -6 -39 9 -18 32 -4 -10 1 -34 -4 18 -12 31 -7 29 30 14 32 -4 33 -27 30 21 -26 28 4 40 39 20 -5 -25 -25 -28 14 -7 30 -11 -8 -32 -36 4 -8 -27 31 -5 -27 -19 -35 -24 -34 36 -30 35 -39 14 10
10 -7 88 -2 -127 95 5 -51 111 -11 -15 -80 116 93 -46 6 117 -82 114 76 13 -20 87 92 116 -47 14 -54 -106 66 -23 -128 8 -59 -109 47 -118 4 75 -49 113 -99 -47 81 89 18 55 42 -116 -124 -20 59 48 6 -127 37 -3 18 61 -74 62 97 -65 -124 112 27 76 36 -54 -67 106 -26 87 -50 -123 -81 -115 111 -53 115 98 78 30 -122 91 36 9 35 51 -86 42 -6 -124 -23 86 -26 -46 31 90 69 -96 -118 -94 18 37 56 51 -4 121 -26 89 120 -1 -114 84 57 6
643 173 -1964 515 36 349 918 -985 969 1251 -1119 -1852 1699 -60 -317 -913 582 -63 -174 440 287 448 -573 -1544 -942 956 976 -192 -958 1094 -556 1043 1018 -357 325 1182 55 -55 535 562 813 735 -47 1636 -285 1273 1812 -40 -1756 1067 685 210 533 300 405 370 -65 670 826 559 326 -487 385 181 585 1292 -633 22 1642 -1164 1615 1112 179 -144 1132 1116 1426 -460 357 30 58 733 -39 526 871 729 394 -448 16 104 296 437 192 -189 1037 -325 923 932 459 114 235 170 488 51 -78 412 -639 86 62 539 416 205 546 -718 -1135 -552 1068
1 14
-19 -6 20 -22 -6 -6 0 -2 33 2 25 0 -30 -15
-25 -29 -34 6 -32 -24 -19 15 -39 12 -34 -14 -36 7
-109 62 14 -55 -121 111 -92 -54 103 23 -68 80 -1 91
-1744 992 224 -880 -1936 1776 -1472 -864 1648 368 -1088 1280 -16 1456
3 14
-20 20 -16 0 32 39 -20 31 -35 21 10 -34 38 26 25 5 40 11 39 -37 -2 -3 -21 30 -7 5 23 -23 -26 18 25 -29 35 30 33 -33 -10 4 29 -8 -26 -11
-16 35 -38 33 23 -17 -22 -32 -25 40 38 -4 -21 -31 -11 39 1 20 21 -23 35 2 -32 38 -13 -22 31 12 -38 28 -2 12 -36 -25 4 29 -4 -30 39 4 7 -9
23 78 94 67 -70 -121 -92 -59 -104 -79 54 -111 -37 -114 -110 -104 -25 1 42 89 106 25 21 14 -77 93 73 -102 32 -98 5 50 -29 76 -100 30 50 10 -61 49 -17 -17
-1570 -1435 -246 106 520 1159 1414 296 184 107 -1065 1226 1015 -1632 -1529 -1353 -196 129 479 1065 1353 257 123 65 -1008 1139 978 -1650 -53 568 1073 851 -738 -1154 -841 -625 -1178 -917 381 -1034 -228 -1732
4 14
15 -22 36 7 -28 37 8 14 18 22 -18 -28 -23 -29 28 -22 16 -1 12 1 22 -8 -3 28 -21 21 18 -38 0 27 -8 -15 15 -27 -13 29 -31 29 30 30 3 -36 -8 26 -26 -24 -4 -1 28 16 -35 -15 -10 25 -39 -38
16 31 -38 22 -25 11 20 31 5 -2 27 35 21 32 -6 -13 -4 26 34 12 32 1 -27 36 6 -7 -1 34 -21 -29 1 -10 -17 -17 -2 40 -32 15 30 11 -40 -22 -14 25 11 12 -23 15 21 -10 -3 28 -11 35 31 38
-96 -22 -88 -3 8 -4 -49 13 124 -118 -103 43 1 -123 101 15 -55 49 0 -93 -15 -23 60 -1 -6 39 -104 -53 15 116 -45 -123 -103 92 72 -114 -115 -33 44 -76 21 99 -50 -94 -49 -16 79 -75 -18 -4 -36 87 -18 6 29 126
316 1354 -755 -1448 -1182 856 832 -1469 -1323 -330 491 -847 78 1250 436 -94 -840 -75 148 -824 -37 -493 -2 298 -84 130 -532 496 149 1694 -759 -1823 -1513 1338 1022 -1686 -1595 -581 561 -1084 299 1370 157 1715 -755 -1843 -1531 1359 1038 -1703 -1625 -578 577 -1101 306 1395
5 14
-1 -28 -7 -7 33 -34 -15 -34 17 -18 11 10 -14 -36 -11 -26 12 29 -29 -12 -21 33 18 20 11 -20 33 16 -24 12 15 -9 30 -21 20 -13 -27 -15 36 31 -29 -26 -14 -14 16 9 20 31 -11 -7 -14 -22 -32 -36 -8 10 23 11 10 36 -18 -15 3 13 -34 -23 -25 -37 -21 -18
-4 -2 9 -16 3 27 -9 -4 -26 -11 2 -28 24 -21 29 19 31 7 31 -33 -21 5 -28 -25 2 8 14 19 27 -20 40 -4 0 23 -9 31 11 30 -9 -26 -2 -40 18 34 31 36 -3 9 9 4 -22 5 22 -21 37 24 -10 18 -28 -32 24 6 -27 10 32 -19 -10 -38 35 -36
18 -98 70 -9 -39 -26 113 -113 -63 -107 102 110 -89 -17 48 -25 -75 -55 94 64 33 125 100 118 -107 107 -88 -33 85 -102 77 -120 -114 9 53 28 119 7 -50 -79 -43 -113 -111 -111 37 81 119 1 67 -12 67 -27 6 -8 -7 36 -53 66 115 -10 122 100 25 -2 -113 -56 -60 31 76 -119
-321 438 1120 -401 1496 1273 539 311 -837 -305 -947 735 396 -1503 -327 -1543 873 -174 306 151 963 75 1213 -215 -306 -432 -368 -554 569 -584 -762 -697 1249 817 693 1420 1234 1305 -1236 1551 -1281 -495 168 -1102 1038 -384 -75 126 1282 -758 -301 -923 467 919 -793 -732 -75 -1252 245 -250 709 336 920 464 1158 269 -517 404 -757 -409
9 14
3 2 13 -14 -30 -29 22 24 -13 15 -26 -7 -19 -38 -18 3 -35 21 -17 21 40 -40 34 -32 18 -19 33 35 25 9 -1 -6 7 34 24 11 -5 38 15 -20 -10 -37 39 -38 -27 -18 -34 -33 6 -4 -21 33 27 -15 -17 -20 -34 -3 11 -7 18 22 -16 25 31 -29 2 -13 35 25 14 4 -37 28 38 6 19 16 21 28 -2 26 -33 -15 8 -7 -18 -26 3 9 3 -15 25 -39 27 12 4 -29 -8 34 -3 35 -21 31 -9 -9 -20 -33 19 -33 37 5 5 -3 15 3 18 2 38 -15 13 -11 -40 23 -3 -22
1 -10 14 30 -23 -38 11 -31 6 20 36 32 17 34 27 -6 -9 30 -5 11 -18 -14 -34 -36 33 38 -21 -2 14 31 37 -37 1 -12 -22 14 -35 -30 5 16 27 -29 -26 -32 27 34 34 -33 29 35 34 -32 32 -20 -7 -2 15 1 -34 -15 15 -14 33 -39 33 -22 -17 -40 26 8 -29 13 2 -30 -30 -34 38 29 32 12 37 36 -38 28 -29 39 37 16 -37 37 4 3 -17 -25 38 17 30 -9 37 -4 -11 36 -39 24 -23 2 34 -22 -12 -39 -5 -31 -34 -40 -7 -31 -33 -6 -25 34 31 -24 29 35 -29 -30
-34 108 -74 -122 98 -65 -20 -59 -76 -68 -110 40 -86 11 24 -92 -122 -96 -75 -108 44 -122 -122 -94 56 22 107 119 37 -99 36 -24 -113 103 -53 -22 -86 -27 17 73 -73 -102 97 -94 -82 96 -109 -110 33 -4 16 52 105 -115 96 68 -85 13 -48 -14 124 6 63 -100 100 20 56 82 -87 -26 101 117 -99 106 8 -38 46 102 120 9 -55 -51 34 62 -36 122 -45 -20 -121 -35 95 -60 -109 62 -85 26 29 -24 -115 76 108 43 63 76 -86 127 -71 -23 85 -47 -82 121 -93 -105 -40 -92 -106 125 46 -23 -52 -31 99 -2 118 54
288 14 -531 281 -753 639 168 545 70 -163 242 -115 263 352 -1308 267 -762 -242 1877 56 963 -1530 1453 294 808 1242 -1337 -369 -1084 760 677 301 198 653 -505 857 -900 -156 774 -254 -714 1072 -522 253 -760 -696 -2 176 182 -95 -521 -581 185 19 215 874 657 -686 -1018 760 -1506 -961 686 -293 -198 648 970 -977 1071 652 660 -37 -1201 532 -521 -793 488 132 208 -82 534 -648 788 1128 -1092 -1101 -616 -995 -1023 1214 601 -493 -583 -372 1241 143 1070 678 -621 1855 -610 -284 -1771 -474 1357 -826 -1701 890 -1191 366 375 -258 -483 -128 -707 64 571 -151 588 -851 623 192 805 437 -536 64
1 15
-21 30 -23 -7 -17 0 -32 -5 -10 34 19 -7 40 25 -18
-8 -3 20 -37 22 -22 15 -32 -31 -26 -29 6 -7 38 -10
25 42 9 -43 60 127 57 127 96 91 -79 -89 50 -63 67
400 672 144 -688 960 2032 912 2032 1536 1456 -1264 -1424 800 -1008 1072
3 15
-16 20 -21 -37 -2 -29 -19 15 -22 -32 16 -24 11 13 36 -2 29 -19 0 -36 -25 30 6 -20 34 -31 4 -14 -31 8 -15 -32 -19 -11 -28 36 10 28 3 6 11 18 11 28 37
35 3 0 -22 12 32 -5 31 29 -37 35 22 7 9 39 20 -25 -29 -28 -25 -24 -9 -5 -7 3 -24 -40 -39 13 -24 29 23 32 -31 -20 10 4 -22 -25 -17 -19 -18 -10 -5 7
-119 -122 1 -74 -29 -18 123 79 118 35 27 125 54 92 27 -87 91 -52 -44 -14 -68 3 48 -91 -36 94 112 -4 -68 47 -30 51 -91 42 -108 7 14 -18 8 70 -77 16 -126 -19 -110
-1488 -603 -484 -684 -676 -383 1169 825 766 423 321 1585 48 523 41 -1052 1210 -1063 -190 -786 -638 117 374 -858 59 480 1218 -791 -790 -186 -1893 -1909 2 -1172 -466 -293 1943 1253 1850 551 435 1991 843 1441 426
4 15
40 33 -4 -15 -40 34 20 -19 -12 -9 7 24 40 -15 -17 29 -7 18 0 9 -24 -9 -31 13 40 13 -33 14 18 1 2 -3 32 9 -3 36 35 -17 -19 32 18 -34 -27 16 16 6 -30 -23 14 1 -13 -34 32 -33 19 9 -24 -32 24 28
21 -39 -14 -23 26 19 -33 -36 -32 -15 -8 6 -24 14 8 26 38 -19 -25 35 -10 -38 -5 9 28 -1 13 2 18 -9 -21 -22 -15 26 19 -23 -19 9 -31 -33 -26 -32 12 -26 38 5 32 37 27 -31 -35 -29 12 -9 -20 30 -19 23 4 -12
116 93 -71 108 93 17 9 -102 72 -8 -33 35 -107 -60 -2 -127 106 78 -105 34 90 -87 -62 67 71 39 0 116 127 100 -126 -25 84 -46 -46 -73 -69 35 94 38 43 -91 -5 19 -8 -116 -120 -115 -24 37 82 -21 68 94 -128 67 -30 -128 -109 -25
-1637 -636 -896 -601 638 1263 -605 296 1355 -991 826 -271 -903 -602 197 -1629 659 189 -1001 624 1260 -959 -459 1203 144 642 -101 437 703 880 743 784 -949 1013 1124 402 -108 -978 1233 -332 -108 207 -1464 -844 -16 -670 284 419 98 96 -547 -664 -233 1369 316 271 -697 -629 -125 -51
5 15
-1 -25 32 -31 26 12 -27 -35 -20 7 9 23 -11 -22 33 14 22 -12 34 -30 -2 -28 -28 -27 -40 -25 -4 0 -16 -27 -30 -11 -6 -6 -20 -3 -5 -24 -15 -3 -36 3 -6 11 29 -40 9 -32 26 31 -33 3 -39 24 16 -34 -7 -14 -32 2 7 31 29 -33 21 12 15 25 -40 31 -28 21 -11 16 -27
17 -30 -35 -8 -32 17 10 38 13 26 28 39 -10 -23 18 1 37 -32 14 -32 35 -33 -35 -33 -27 -29 -4 -40 -1 0 37 35 11 34 -9 -34 -20 13 -39 28 23 28 -29 -4 -24 -12 -28 17 -3 0 2 -28 -6 -4 -2 27 38 5 -16 20 26 38 -21 20 -6 -1 20 -4 -2 -17 14 30 10 16 -36
-27 -84 29 72 50 94 24 2 -12 23 23 61 72 73 75 88 -58 97 -100 81 -3 126 115 79 -16 78 -9 -99 14 77 22 109 -43 123 -78 -96 72 67 17 -90 -102 -63 -119 -46 90 -87 113 20 6 99 1 44 117 75 31 99 -27 -45 -119 63 -111 126 -95 -65 -40 9 -19 55 44 -66 108 -112 20 100 39
-1346 1749 327 99 1558 22 715 1849 1181 477 1552 -418 -715 -1846 1014 1356 -860 1488 -1551 1243 -62 1977 1819 1245 -279 1220 -174 -1564 229 1227 1180 -730 1435 -1435 1291 -26 1894 1810 1234 -204 1250 -157 -1482 97 1214 870 -350 1080 -1165 1012 -94 1668 1695 1133 -319 1116 -319 -1354 120 1183 157 1673 -692 1566 -1086 -1299 1025 1070 341 -1344 -1195 -1039 -1648 -477 1351
9 15
-15 28 28 -25 -24 18 0 -28 13 -5 -30 26 6 -38 37 37 5 8 8 31 -2 7 -7 -25 -24 -5 25 38 -14 -15 -31 -38 23 34 -18 -12 -40 18 26 25 -22 -22 -2 32 -23 3 -7 -26 -19 39 -3 -28 -22 -16 -27 -15 14 -23 -8 38 -29 -23 -4 40 17 -6 -22 -18 -29 -32 -17 20 20 -38 -30 14 -5 13 4 -7 3 8 -20 35 -39 -11 -6 -29 -9 -39 5 20 0 37 -40 -21 -14 -9 11 40 -23 13 -5 -9 0 -23 -32 -20 -37 -30 -25 -14 27 -20 -34 34 2 -21 -2 -28 -29 5 21 6 23 -16 -40 -27 26 -25 5 5 36 40 -30
10 -23 -24 -19 -17 7 40 -12 -19 -34 -21 -12 3 39 -34 27 -33 -22 22 23 -3 19 13 -34 31 -40 -4 -11 -15 -3 -14 21 -40 -6 -17 -34 24 24 -21 26 -3 -15 6 -24 -2 -29 -18 2 5 36 38 38 -25 20 -2 22 -37 35 37 38 19 -20 -4 2 -5 10 -18 34 28 -2 6 -38 -14 -1 34 37 -26 -3 31 -24 5 21 -1 -12 -32 -29 35 -34 0 -36 5 14 35 39 20 26 19 -20 15 39 -40 38 16 -39 5 -13 26 -7 35 -23 -16 -8 11 26 -15 -24 10 20 -3 24 -18 -30 -34 -17 3 24 -38 -38 38 -2 -36 -29 27 -40 32
-51 -44 -97 23 78 38 45 56 -126 -89 45 -123 51 -77 -100 4 89 -9 -21 -13 89 71 -34 -84 -72 -17 9 81 -62 25 -103 2 -101 13 -53 -49 87 49 1 -81 -53 115 -57 -68 -78 -101 -106 109 39 -97 -104 -45 22 120 32 80 53 124 43 -79 -86 33 -86 -90 126 84 106 -5 66 20 66 28 97 -91 97 26 91 -62 25 62 -6 75 -92 -108 -36 -18 -104 -66 -38 -87 -25 -95 102 -102 -15 90 94 109 22 -90 18 39 96 124 84 34 61 117 -97 35 -106 124 -102 105 -82 118 46 -81 35 110 91 -102 -18 -7 -121 -60 -115 47 75 34 123 122 -30 -30 -78
184 -1409 1068 -1170 -691 560 548 1263 668 -846 861 1015 791 1170 593 -125 -71 309 -632 215 795 1255 292 -643 -1101 114 -275 617 419 120 -281 197 -148 -961 602 73 1016 -284 858 -262 1189 608 417 -557 718 1178 -1320 -270 -159 -1614 -743 -1420 604 993 371 1742 1686 -278 -502 -1039 317 51 39 -398 -38 215 741 -88 -408 -714 413 -41 1 66 -298 262 1130 -994 337 969 -12 1119 -1131 -1644 -663 -111 -1583 -782 -647 -1331 -117 -344 1257 -1320 28 138 1593 320 638 -1307 715 652 272 1025 1111 -825 -179 -1446 236 777 237 966 479 -1359 -1181 275 -961 217 -1111 -1317 -682 -1082 1228 33 -970 -1332 -206 85 1463 4 1421 788 910 379 -643
1 16
40 -37 4 32 28 -11 -33 -38 22 12 -20 29 12 -25 -8 -35
-16 1 7 -28 13 12 11 21 23 -17 24 5 -16 37 -22 -15
127 116 91 30 -111 -114 63 16 -122 77 50 114 -44 1 -124 -80
2032 1856 1456 480 -1776 -1824 1008 256 -1952 1232 800 1824 -704 16 -1984 -1280
3 16
3 6 -36 14 -19 -2 -29 25 13 37 -28 -25 -3 -13 -25 1 27 3 -31 10 7 -27 31 6 8 10 -24 6 -36 -38 40 -9 23 39 -38 24 -5 -18 9 13 -17 40 22 -6 3 -9 -19 -19
-7 -5 24 -12 -33 -3 -32 -23 -9 10 -10 27 -32 16 24 -24 3 -1 33 -28 35 29 -18 -4 -40 -20 -22 -38 22 31 -33 -36 -36 -21 21 -32 -19 -36 37 40 -19 33 -9 -4 30 12 9 19
-104 72 22 -81 -41 108 -81 5 -120 29 1 -13 -3 73 -71 -78 -44 60 -86 50 -120 -27 1 45 -117 -93 -70 -41 123 99 127 23 -20 -101 -18 30 66 -56 79 -47 -61 -101 -2 40 -92 -111 49 127
-741 -397 -337 86 29 -129 359 -248 -1395 -1055 -233 166 -428 -357 535 860 -1168 138 111 -638 -33 760 -354 -222 -1574 -304 -5 100 -562 91 -422 -41 -630 -676 -353 208 243 -337 585 -352 -1299 -1213 -205 267 -634 -673 641 1151
4 16
31 17 -5 16 16 23 31 8 -13 11 -9 -27 -33 19 9 36 -12 19 4 17 -35 -29 -15 38 -37 -20 -35 -29 -38 -19 14 15 16 20 13 37 28 3 -4 12 -19 19 -25 -27 13 9 -18 -26 -26 39 9 -25 1 -5 -37 16 -34 -39 -11 16 20 -23 -38 32
6 11 -15 21 1 -12 35 11 40 -35 -22 28 30 3 -24 34 12 -21 14 -29 -21 -10 -13 8 -27 -20 39 -15 -32 7 0 -21 37 33 24 37 -25 15 -2 5 20 6 -18 -21 -4 -1 -39 -40 -12 27 16 4 33 15 12 -22 4 11 -37 -38 40 12 7 29
60 60 -126 -46 92 -26 26 -43 83 91 124 -78 90 120 8 -21 -78 8 100 38 -53 74 -98 -14 85 72 -119 83 96 -21 52 8 37 7 -85 5 -69 -97 -9 69 15 -43 49 -13 7 -54 -69 116 10 -56 50 7 -126 123 -70 49 41 76 46 -17 107 15 -67 111
252 -564 264 52 -1563 1217 -859 686 665 943 772 -297 1441 191 -928 1572 -581 109 587 388 -891 371 -1069 185 1005 633 -882 728 1128 -386 168 680 515 -61 -980 83 -1254 -927 -314 1039 318 -344 776 -220 398 -659 -1091 1831 514 341 -870 -346 205 360 -216 -181 1111 1293 1227 -697 1482 1151 -173 359
5 16
-7 2 25 26 27 29 18 -14 -34 -34 36 18 8 20 -34 7 19 36 28 -22 3 1 -1 -35 20 -9 -7 18 -29 14 7 -33 -3 2 -15 -2 -34 25 -19 11 39 33 -11 -23 -26 -22 8 6 32 -38 23 16 -4 -12 -31 6 12 -28 -21 7 37 13 -33 37 -32 -35 -34 10 -9 37 4 34 32 34 -3 -16 37 36 12 -30
39 -18 5 -21 -37 21 13 -34 34 -8 13 -30 39 36 27 16 -38 -32 12 -19 -3 -6 31 18 -26 37 -27 -11 -39 -17 -12 8 -26 5 -12 1 -40 4 -13 -18 15 20 34 -9 -34 2 30 12 -29 -16 -33 14 -35 17 -13 16 40 -38 35 -27 -23 20 -14 20 37 -18 40 24 16 -13 -3 4 14 -22 -38 27 -34 6 -22 -31
91 -76 78 -92 78 -71 -107 68 118 -89 -29 90 -19 112 14 -110 -101 -65 -109 -43 -14 -102 100 74 37 22 -16 114 -16 38 -49 -98 -120 -24 -8 -60 -54 -87 -65 43 -1 -85 -45 89 96 -74 -54 104 -97 10 69 17 -110 -81 112 -50 58 -71 -36 -82 -75 -81 -94 -85 -96 84 -33 92 -7 -96 61 54 65 -42 48 -124 -55 -56 -117 47
-1345 687 28 778 -518 -1439 1009 404 1024 -832 217 -1322 -855 -771 -1553 -111 -1370 1118 -407 1199 -61 -1506 746 868 1051 -739 634 -1644 -758 -741 -1706 621 -1672 -284 194 -590 -1017 -1368 -68 288 368 -1197 -638 625 550 -1010 -1013 459 -632 511 80 523 224 -1404 199 857 1290 -919 332 -910 -718 -99 -1219 -105 -669 -313 1000 -336 -768 -1263 604 -102 1161 -1186 -538 -264 -775 -306 -934 -1345
9 16
17 16 34 -38 -1 -39 18 -33 15 -40 -14 30 -24 -34 -22 4 -37 20 -32 -31 -11 38 -23 -27 -4 -21 -14 19 -14 -21 -14 -39 28 20 6 -24 34 3 40 31 -37 38 -10 -26 18 2 -17 -9 4 10 -34 -12 -31 7 -18 17 -1 20 -13 -17 3 12 -5 -20 -10 -9 23 15 -18 -34 -34 9 31 5 -40 20 -18 21 -36 30 37 -11 -7 -38 -13 -16 -36 -19 28 -35 21 3 34 -18 32 14 20 -36 -22 -3 32 18 30 8 -24 -13 34 29 -5 -14 32 16 -22 -27 -22 -37 18 0 39 10 -22 -23 8 5 -32 38 6 21 36 32 -38 -5 -38 1 -28 26 -4 29 -23 -11 -20 -14 1 -15
-26 3 15 -27 29 12 -15 11 -28 20 16 35 19 6 -7 -27 -34 -19 21 -35 -28 -17 -25 13 7 -29 37 6 30 36 4 -13 19 2 20 11 -18 9 -6 -10 6 -4 38 9 24 14 1 -22 26 2 11 -33 -33 -15 1 -4 -40 26 -1 -9 12 -19 -9 -34 11 37 -3 38 -1 -27 14 -30 30 26 17 1 -17 -25 -25 15 -37 -18 -1 0 6 32 -13 -11 -39 -16 9 20 -2 8 -38 -22 30 -38 17 -39 -3 -32 -39 29 -2 2 15 -23 -25 29 -40 -33 -14 32 36 8 32 -39 23 24 4 15 9 -1 6 -1 29 31 -11 -27 -28 -4 -19 11 20 -19 27 33 -11 3 32 5 -12 40
-28 -125 -118 -73 -103 -25 103 -72 -103 -26 12 37 65 -43 -80 -109 -39 55 -103 123 -78 126 -70 -67 112 23 -7 -108 -52 46 -35 -36 108 17 46 26 8 65 108 -86 -8 -82 73 -75 68 82 43 -62 52 -73 -65 -89 -16 -77 33 53 -53 -81 -28 40 -23 -6 10 16 -26 -91 47 -56 -12 -110 89 -38 -18 -34 9 109 20 56 102 -87 -72 -59 101 92 55 56 27 61 -103 67 49 52 -88 0 32 86 -78 40 -20 41 7 -20 -97 62 32 2 20 99 38 25 90 91 32 -69 67 -110 -18 76 124 127 -63 -32 64 76 -85 -58 -22 101 18 22 -91 -51 -44 75 -125 19 93 91 78 -114 95 51 13 -26
-161 -1026 257 -756 -222 -923 920 72 -333 -551 192 1247 19 445 982 -420 -1029 -1003 1186 1175 589 754 514 737 -1559 873 696 755 -1135 -42 332 1027 439 -1138 -672 -1284 -429 -543 825 776 -881 -894 7 779 -278 -284 -44 293 -98 -265 -722 -278 -233 -305 -414 560 -25 -360 124 517 175 255 543 441 -744 121 -274 172 -160 -105 -797 505 451 101 417 891 432 482 1040 555 -255 649 -1178 1407 -906 1546 -681 -840 1292 75 128 -1303 -377 746 -198 -456 -78 -938 -271 -390 -506 507 845 39 -803 -1 653 200 110 -76 -219 -185 -693 -211 -221 795 -285 921 -256 211 -68 470 456 19 -446 205 100 396 397 -861 -777 -1011 -198 -1048 241 729 -554 -980 -233 818 -121 77 468 307
13 8
6 -22 -29 -13 27 -25 -19 -6 29 12 18 -10 -26 10 20 4 -11 -13 20 12 11 21 13 8 2 -29 -11 -1 0 22 -15 11 -3 0 -16 -25 20 21 8 6 6 -13 17 3 6 5 29 -20 -15 -17 19 0 -12 -18 -14 -23 -11 -3 -2 -10 -25 22 -30 -20 30 -21 -3 2 -23 -28 28 21 15 24 10 28 18 7 25 -11 16 -24 23 -5 -17 -7 0 -1 -23 -10 -9 9 -23 1 -14 -15 26 -3 28 -5 4 -13 2 5
-11 -27 -1 -16 -10 -4 -21 13 1 -23 7 18 -9 12 14 -19 1 -10 -16 -3 23 -19 -16 -17 -14 -27 -12 26 17 -30 22 -12 -22 15 18 24 -10 -12 12 12 29 -2 -27 -2 -12 -8 23 7 -14 -15 8 25 17 10 26 -25 2 -2 -12 -7 19 -27 -30 22 -27 -15 -26 -9 -12 23 24 -1 -15 -16 29 -6 16 -25 14 13 8 1 -18 30 -8 -25 0 -13 28 21 11 5 16 3 -19 -24 3 -19 -10 -29 -27 -3 19 22
26 -70 113 -8 -57 -83 123 -13 125 -15 -28 14 74 -65 -116 -125 -45 102 32 -122 87 -77 -64 120 -74 30 22 -11 -15 -48 -65 -81 35 -31 -9 95 -15 -103 -125 -106 52 -118 64 -50 -92 -51 2 -81 -32 70 10 46 59 111 87 22 -94 -14 40 127 -85 23 -90 83 119 -92 -55 -12 -124 -55 116 -69 -111 12 -31 -116 124 123 -103 28 -6 119 -115 -9 -30 51 -37 -114 -62 102 60 -54 93 -43 106 34 -128 8 -75 39 8 28 -56 -106
-876 563 465 -173 11 -455 -841 809 -271 -343 -69 -65 -149 -299 -324 -1142 -55 188 -98 85 478 275 -152 -535 110 -406 262 5 -431 -541 338 -543 148 -419 -142 -120 -567 -371 381 -552 -77 402 -48 70 588 336 -83 -563 -316 283 108 -253 365 -174 -431 -409 302 -217 303 -125 -232 -704 574 -514 -454 -559 -73 -157 -488 -172 -504 -1283 -268 734 113 67 576 114 237 -406 -359 -44 -25 -157 279 -102 -449 -738 295 -44 -120 9 -273 -463 17 -830 -741 318 129 -440 602 121 -427 -147
17 4
15 -26 -5 -9 -1 27 10 3 20 -11 3 -5 -12 18 13 9 -10 12 -3 9 -21 8 5 8 -16 27 -7 4 -25 -21 -21 25 -19 -25 -28 -5 15 -28 -24 28 -25 18 -1 5 -25 18 -19 6 -6 -12 1 -4 8 1 -20 14 21 13 -23 -14 -9 3 29 28 -10 10 -14 -29
-4 30 -16 -12 0 -28 24 -27 25 5 30 -14 18 -29 25 -4 8 -16 -10 30 7 -6 19 16 -12 17 -5 0 -21 23 -18 24 -21 -19 27 7 -2 6 -14 0 24 -6 2 -3 -25 -2 -12 -17 -26 -17 26 -19 -28 -9 11 -16 1 18 30 -12 0 13 20 30 -5 27 27 15
44 -82 -42 -75 76 -31 107 -52 123 56 -95 -22 54 -76 13 -41 119 80 -115 0 -43 -38 -7 -80 -74 17 -92 72 57 112 97 3 -118 53 53 48 -66 -57 -25 7 85 19 60 72 61 -26 -9 -99 -16 58 102 -10 -37 -71 20 -50 113 -75 86 84 24 -45 -15 56 -2 33 -51 -33
785 -276 389 -308 442 -56 -116 18 843 -168 117 -166 245 60 16 37 291 171 66 -47 95 154 221 -55 358 206 112 -144 570 688 -72 -83 353 -73 121 -559 1373 801 -1131 -9 231 233 212 -117 420 469 356 -198 254 -90 386 -243 632 326 -251 -19 586 -363 -244 -241 29 8 -48 139 392 -461 2 -584
24 16
-25 -18 -10 -19 -10 26 -18 28 -26 15 -22 -30 28 30 -28 27 -6 -17 -4 -6 -5 -11 -19 4 26 0 12 13 -11 10 -25 -23 15 -8 -10 21 9 6 -7 -13 12 7 0 11 18 11 18 7 -30 -14 9 -12 -26 15 -25 25 30 -16 17 -29 0 -24 -3 21 18 -14 14 13 -2 -25 -10 6 26 17 1 -6 19 -20 20 -18 -27 -3 -26 -24 5 -21 19 -8 -24 1 -15 18 -28 21 -17 12 23 -17 0 -17 -16 -17 -14 -13 16 6 -8 7 26 -7 -13 28 -15 -6 -27 -13 -7 -10 -4 7 -29 17 -14 23 29 7 -29 -27 12 29 0 23 8 -26 -10 -23 29 12 9 -9 20 23 5 20 -2 -18 28 9 7 30 5 -21 -17 -14 4 15 -1 9 1 -7 14 21 -2 -24 15 22 -13 2 -4 27 -19 -12 25 2 13 -3 -3 6 -13 -8 14 -19 25 -15 -28 22 -12 0 18 16 -4 -7 0 -25 -27 18 -27 2 -30 -13 -29 -22 -6 21 -3 -17 3 -14 -14 29 19 8 7 24 26 -29 -30 -29 -20 13 -21 9 -23 -30 4 26 -23 -30 8 12 25 -7 -30 -11 -5 -26 -18 11 5 19 7 15 10 -16 11 6 -6 21 -22 16 -23 3 -21 18 -7 13 -30 -9 -13 30 24 -26 -27 5 15 17 -15 -7 25 11 -25 18 30 -22 14 4 -6 -8 -1 -1 26 -25 25 -2 -8 30 5 -27 4 22 17 15 20 22 16 22 -28 13 -15 -7 27 -6 17 -11 -9 -24 -13 30 -15 10 24 14 -23 -3 17 6 -9 -10 25 -1 -25 -17 -26 -5 -30 28 22 0 28 -22 -28 -3 14 29 -30 0 -20 -10 -25 -4 23 20 -21 -20 -29 11 23 12 21 7 -27 -18 -15 -14 -4 2 -1 28 -23 -11 -11 -24 17 24 26 24 9 -13 6 28 8 -5 -27 -23 -6 18 6 8 7 -28 30 -8 -11 -14
-23 21 29 -16 14 -13 12 -5 -13 -23 10 27 -13 -12 17 -24 -3 -22 -18 4 -23 16 -7 -7 4 -15 3 -2 -15 17 -24 -4 23 -7 25 19 -26 16 0 12 22 -10 12 -4 -18 29 -8 29 -8 29 15 -7 18 30 11 -20 22 -13 23 -22 15 24 29 -3 -23 -12 -30 -26 -21 -10 -25 -13 27 -13 -11 -4 -11 14 -14 10 -16 -8 -4 -23 1 -24 26 -30 -23 13 -15 -15 26 -4 -28 -16 -7 8 14 17 7 -11 -3 -5 -30 -28 -4 11 30 -24 -14 -14 -13 9 22 -7 8 14 15 -27 -27 1 -4 23 13 -25 -28 21 -18 1 -15 -19 27 17 6 7 -8 -10 -10 10 -30 -25 29 25 -26 10 -26 30 1 14 4 -11 -20 25 -11 6 -24 -22 -6 18 -2 20 -23 -11 4 26 23 20 17 -4 25 -4 -26 -24 -18 -4 -14 8 -4 14 30 17 -20 1 17 -8 27 20 0 30 -18 -2 24 -14 -30 -16 5 -21 25 19 28 -29 5 -19 -11 -4 10 -16 -22 1 -17 26 17 12 9 -1 -10 17 -30 -28 -2 -30 7 -19 10 1 -30 -26 -26 -11 -26 -27 -16 -11 17 -10 -22 -23 -25 5 -27 -13 6 -24 -12 -4 11 -19 28 -26 -20 -6 25 -12 -23 -28 -2 -11 19 30 2 -30 7 17 3 26 18 -2 -24 8 16 -19 20 -5 16 28 6 -23 -27 -10 19 20 24 7 -26 -18 15 -6 12 -23 0 20 17 1 -24 4 -7 -21 -17 -9 24 -16 0 0 24 30 1 17 2 6 6 -16 10 -21 25 28 -5 16 -11 -9 -25 -16 19 -23 23 9 -26 15 24 -26 -11 -10 -22 5 -11 -30 -1 2 0 -17 28 4 15 0 -3 4 1 -10 -23 11 -30 19 28 28 -11 -14 -19 25 -8 15 10 -19 -14 20 23 -28 -5 -22 18 -23 -29 -9 24 -3 8 -3 15 17 4 -24 -2 17 1 26
-21 1 -5 -123 101 -5 -30 27 -94 13 81 -73 65 -121 81 49 -47 -92 117 75 81 -23 1 66 56 126 -86 -14 6 -76 -85 -82 73 43 32 7 -49 30 -79 -92 -5 119 59 -6 104 70 -23 -108 -12 -95 -65 -108 116 86 -71 106 -88 -2 76 85 86 92 24 -66 55 34 53 87 96 4 115 -34 -114 34 115 18 -29 -118 -73 85 118 -35 25 122 35 -8 -120 -107 100 48 30 -127 -122 107 49 85 -36 -59 -8 28 -99 -118 -87 40 -121 87 119 69 32 27 22 4 -19 100 -121 -92 -86 -3 -66 74 -18 1 -65 -2 -120 22 74 122 9 -8 100 75 -48 -24 71 70 47 -39 42 -112 33 15 18 76 -72 83 123 -12 28 -38 19 127 95 -92 -4 -96 62 72 -65 -115 -95 -69 127 98 30 -18 71 54 -62 -34 119 -104 47 16 126 -120 96 -104 -102 79 51 99 50 0 76 -73 82 104 16 -58 59 -107 78 1 -16 93 -14 -62 -39 119 -116 -40 -56 104 92 42 -44 -87 -13 75 -101 126 38 53 -27 2 19 121 -60 -76 -41 32 54 -112 -53 -66 40 -101 -84 -67 -121 -118 -91 17 -127 -38 -114 71 85 8 110 50 -78 -58 31 0 12 59 38 -65 -77 123 -109 -19 95 104 29 -121 -55 -95 58 33 -27 -123 -94 -43 -102 -40 -84 6 -116 -31 -43 124 -21 -45 -79 -61 49 87 -125 14 -66 -92 33 59 125 -56 -31 -37 98 24 -14 36 80 65 -107 81 -120 1 12 -78 48 71 -52 -56 14 -120 -92 -104 30 125 23 50 -104 67 127 32 -124 -69 -66 -124 79 -80 -61 4 73 70 16 112 -47 -12 82 8 -105 -77 79 100 119 -102 127 127 33 -23 -117 103 24 2 1 -19 28 -118 -38 -64 61 126 91 101 94 109 -6 3 -122 -28 -42 -105 -96 39 -62 -80 114 95 -6 60 -94 -12 114 20 2 77 40 -58 -98 119
261 -171 819 591 539 326 -40 1 -25 777 33 -122 -216 -284 -248 146 107 -601 408 5 190 47 476 386 -347 510 -207 185 151 -323 -329 -399 -109 -384 270 103 57 219 -10 621 -285 350 -291 200 466 -10 -83 -313 19 -439 712 127 161 50 503 322 -495 630 71 -2 218 -237 -257 -243 -127 243 -145 -309 -260 -219 220 507 -1286 187 -963 -534 51 289 412 -433 377 146 861 222 522 126 -69 -27 -187 376 221 -593 -334 54 81 90 155 -158 505 290 67 37 -187 -2 -430 455 -375 69 -411 -190 26 527 823 -325 223 946 279 -131 -897 -424 464 544 41 -771 -1095 629 445 723 -51 -424 -83 -437 108 197 -192 674 -463 269 -48 398 728 367 -52 -616 -63 -206 -149 -506 -37 34 -258 704 -396 465 -62 112 160 12 231 -76 -144 -486 256 446 637 684 -25 793 -216 366 -294 -68 23 -43 -92 -32 1047 -264 272 1087 387 -2 -1267 -784 799 611 198 -1181 -1177 999 505 758 -468 -514 724 -30 -243 -433 -322 134 -733 600 -829 -254 -409 2 209 -35 -176 34 -239 -816 48 -247 -417 765 -511 392 88 -166 74 -203 452 289 17 -122 936 120 322 242 -80 380 -350 228 202 -449 145 249 299 -242 137 118 831 -191 377 455 132 311 -357 529 54 -368 205 1 9 -498 186 -265 283 589 336 386 200 249 -70 346 -36 77 -33 -299 31 -155 292 -374 134 -96 -176 -165 -180 565 -611 486 -415 427 900 332 -505 -984 -236 -41 -297 448 255 244 -284 642 -465 743 -163 -308 -55 150 321 -380 -229 -129 436 151 217 -73 -28 452 -221 45 -329 -666 173 265 -240 -705 748 43 201 311 794 20 456 475 -61 232 -270 712 -638 -698 3 547 340 -491 -121 349 135 201 -252 161 190 144 102 77 -334 52 434 -247 218 -921 -191 100 373 377 193 681 -91 202 181 659 358 -331 93 -550 183 -445 192 434 297 102 -139 411 -417 288 -496 -56 -382 -7 30 155
6 8
-100 44 -110 1 -79 -61 101 122 48 24 -124 -78 -97 55 -99 97 96 -15 -103 -54 -7 21 -56 12 -65 -7 80 77 -1 -59 16 -79 -76 82 -120 -117 119 28 36 47 119 47 2 87 82 116 -28 29
-117 10 -97 15 13 -14 -93 57 -17 56 -113 -4 -20 -9 -39 2 91 111 112 -31 -126 48 111 118 38 12 -84 -13 -95 -43 -85 121 105 20 78 -26 -60 -35 -48 98 -91 51 -117 -68 8 -86 -80 28
62 122 -69 93 85 -13 29 -126 -19 -79 89 -38 0 -126 70 6 124 -58 19 -86 98 -61 38 -128 -77 96 46 52 -47 4 -16 29 104 30 33 -18 -25 126 114 -106 -22 103 -41 -85 -121 -77 -48 -79
-409 1641 -557 -1189 -1836 -1134 -725 -1142 -1232 1536 736 832 -752 64 -256 464 -1231 1535 736 831 -751 63 -255 463 975 1941 -1092 1449 1318 -220 452 -2003 -352 1648 -656 -1360 -1936 -1232 -768 -1264 1975 -890 310 -1346 1515 -895 640 -2038
11 16
-111 41 37 25 121 83 -91 58 -49 -96 -7 26 -14 -92 -84 109 -96 35 64 78 88 76 -57 82 -60 60 75 -16 -78 90 107 -85 -60 121 -58 11 -8 -49 -16 65 88 -26 33 2 -3 2 -57 96 -69 -114 -19 -16 -15 -123 75 -70 93 -2 -75 15 -67 -85 108 88 108 63 44 53 114 -87 -63 -120 56 43 -73 -92 -59 104 51 53 27 14 68 -119 -106 -50 -36 -105 1 -96 105 62 104 -21 28 -68 -83 -33 110 53 92 115 -24 -13 18 -15 -109 -7 -78 -45 84 99 82 57 51 36 -45 -1 -109 -41 116 90 112 -80 -23 121 66 -107 35 -12 -109 51 -58 -35 18 -56 91 80 52 81 -22 -99 -24 -21 -23 -35 41 -63 -112 29 11 72 50 32 -33 40 16 10 31 -66 40 -79 -116 -9 15 -83 94 -67 118 22 -58 76 2 -73 48 -24
76 55 41 -128 -41 59 115 56 76 49 14 89 101 72 69 -54 13 58 -110 39 -120 -59 12 -107 74 -89 124 23 -72 116 121 113 72 61 -43 -47 97 52 38 -60 14 -66 116 99 -107 -49 -100 -14 71 81 -74 -52 1 112 62 58 112 -1 67 -109 -120 -89 -116 110 -23 -128 11 -93 59 89 -81 76 -34 43 -117 70 -39 -18 -100 109 -1 114 -77 -13 16 -114 111 88 -24 -56 65 -109 -67 -31 87 12 -123 -85 -122 -96 -47 52 78 87 55 -75 -37 121 54 -106 -76 79 119 48 -101 -110 49 94 7 -11 16 31 1 52 83 22 73 20 -99 -99 17 87 124 55 -113 -82 117 116 21 -84 -99 49 -93 -103 117 74 25 -19 100 -75 127 51 90 -8 28 -51 37 104 34 -88 16 126 1 56 -9 72 -115 -84 -114 -17 -15 33 -1 -48 78 -58
92 -63 -1 -44 66 92 116 -9 -75 -73 -61 -37 -121 -65 126 -12 0 -4 40 -3 -61 79 106 -102 75 58 120 1 -115 47 -32 48 -66 89 -81 104 16 -29 87 121 -36 59 115 36 102 -82 89 63 -104 -84 -81 -80 72 -110 -33 -36 -119 -27 -57 -12 -74 123 -9 18 -106 37 -62 -127 42 -7 57 9 -82 33 102 -2 42 127 -4 68 60 42 -11 -22 44 19 44 120 -77 80 77 92 -30 105 23 -1 30 -37 46 -98 -36 -46 -38 92 124 12 -12 -74 92 87 116 52 -21 43 41 91 122 82 -94 100 97 112 98 -96 69 21 10 63 41 -8 3 -50 58 -80 88 118 86 -72 117 -77 -77 -39 -100 -78 -23 -13 108 -102 32 -55 25 104 71 1 -59 -83 19 114 72 91 -89 102 -32 -28 31 -56 -19 -52 59 123 -7 98 -40 -14 122 -107
-1696 592 -992 -2032 672 -112 912 144 -1312 528 1632 -32 672 2032 -64 1088 656 -128 48 -800 928 -1280 1408 1888 1376 -1152 1872 -1232 -1232 -624 -1600 -1248 -1663 -1343 -1295 -1279 1151 -1759 -527 -576 -1903 -431 -911 -191 -1184 1967 -144 288 444 -553 728 -1456 -605 -589 -439 1244 1926 245 -37 -1096 1229 1345 1682 827 -93 -186 1277 -1408 623 -987 670 1724 1200 -297 -189 -1302 -107 1167 414 731 1458 -999 -10 -698 1037 1470 1854 -157 -1178 -1149 -949 -586 -1935 -1023 1993 -183 -1695 591 -991 -2031 672 -112 912 144 -1311 527 1632 -32 671 2031 -64 1087 656 -128 48 -800 928 -1280 1408 1888 1376 -1152 1872 -1232 -1232 -624 -1600 -1248 -252 256 154 282 -635 720 1492 -617 770 882 1771 94 -843 296 67 823 1472 -1008 -16 -704 1056 1472 1856 -144 -1200 -1168 -976 -592 -1936 -1040 2016 -192 480 -592 736 -1568 -576 -736 -608 1472 1984 192 -192 -1184 1472 1392 1856 832
5 8
127 127 127 127 127 127 127 127 127 127 127 127 127 127 127 127 127 127 127 127 127 127 127 127 127 127 127 127 127 127 127 127 127 127 127 127 127 127 127 127
127 127 127 127 127 127 127 127 127 127 127 127 127 127 127 127 127 127 127 127 127 127 127 127 127 127 127 127 127 127 127 127 127 127 127 127 127 127 127 127
-128 -128 -128 -128 -128 -128 -128 -128 -128 -128 -128 -128 -128 -128 -128 -128 -128 -128 -128 -128 -128 -128 -128 -128 -128 -128 -128 -128 -128 -128 -128 -128 -128 -128 -128 -128 -128 -128 -128 -128
-2048 -2048 -2048 -2048 -2048 -2048 -2048 -2048 -2048 -2048 -2048 -2048 -2048 -2048 -2048 -2048 -2048 -2048 -2048 -2048 -2048 -2048 -2048 -2048 -2048 -2048 -2048 -2048 -2048 -2048 -2048 -2048 -2048 -2048 -2048 -2048 -2048 -2048 -2048 -2048
5 8
-128 -128 -128 -128 -128 -128 -128 -128 -128 -128 -128 -128 -128 -128 -128 -128 -128 -128 -128 -128 -128 -128 -128 -128 -128 -128 -128 -128 -128 -128 -128 -128 -128 -128 -128 -128 -128 -128 -128 -128
127 127 127 127 127 127 127 127 127 127 127 127 127 127 127 127 127 127 127 127 127 127 127 127 127 127 127 127 127 127 127 127 127 127 127 127 127 127 127 127
127 127 127 127 127 127 127 127 127 127 127 127 127 127 127 127 127 127 127 127 127 127 127 127 127 127 127 127 127 127 127 127 127 127 127 127 127 127 127 127
2032 2032 2032 2032 2032 2032 2032 2032 2032 2032 2032 2032 2032 2032 2032 2032 2032 2032 2032 2032 2032 2032 2032 2032 2032 2032 2032 2032 2032 2032 2032 2032 2032 2032 2032 2032 2032 2032 2032 2032
7 4
0 0 0 0 0 0 0 0 0 0 0 0 0 0 0 0 0 0 0 0 0 0 0 0 0 0 0 0
0 0 0 0 0 0 0 0 0 0 0 0 0 0 0 0 0 0 0 0 0 0 0 0 0 0 0 0
29 71 -72 93 -128 54 -70 -125 32 6 -55 -115 -9 126 30 -105 -57 62 91 87 -90 -124 -106 -12 -12 -105 -44 -104
-537 205 -516 -642 -537 205 -516 -642 -537 205 -516 -642 -537 205 -516 -642 -537 205 -516 -642 -537 205 -516 -642 -537 205 -516 -642
